% Model:              电导率创建.mph
% Version:            COMSOL 5.5.0.359
% Date:               Sep 23 2022, 20:23
% Dimension:          1
% Nodes:              1601
% Elements:           1600
% Expressions:        1
% Description:        Line graph
% Coordinates
0
0.070625
0.14125
0.211875
0.2825
0.353125
0.42375
0.494375
0.565
0.635625
0.70625
0.776875
0.8475
0.918125
0.98875
1.059375
1.13
1.200625
1.27125
1.341875
1.4125
1.483125
1.55375
1.624375
1.695
1.765625
1.83625
1.906875
1.9775
2.048125
2.11875
2.189375
2.26
2.330625
2.40125
2.471875
2.5425
2.613125
2.68375
2.754375
2.825
2.895625
2.96625
3.036875
3.1075
3.178125
3.24875
3.319375
3.39
3.460625
3.53125
3.601875
3.6725
3.743125
3.81375
3.884375
3.955
4.025625
4.09625
4.166875
4.2375
4.308125
4.37875
4.449375
4.52
4.590625
4.66125
4.731875
4.8025
4.873125
4.94375
5.014375
5.085
5.155625
5.22625
5.296875
5.3675
5.438125
5.50875
5.579375
5.65
5.720625
5.79125
5.861875
5.9325
6.003125
6.07375
6.144375
6.215
6.285625
6.35625
6.426875
6.4975
6.568125
6.63875
6.709375
6.78
6.850625
6.92125
6.991875
7.0625
7.133125
7.20375
7.274375
7.345
7.415625
7.48625
7.556875
7.6275
7.698125
7.76875
7.839375
7.91
7.980625
8.05125
8.121875
8.1925
8.263125
8.33375
8.404375
8.475
8.545625
8.61625
8.686875
8.7575
8.828125
8.89875
8.969375
9.04
9.110625
9.18125
9.251875
9.3225
9.393125
9.46375
9.534375
9.605
9.675625
9.74625
9.816875
9.8875
9.958125
10.02875
10.099375
10.17
10.240625
10.31125
10.381875
10.4525
10.523125
10.59375
10.664375
10.735
10.805625
10.87625
10.946875
11.0175
11.088125
11.15875
11.229375
11.3
11.370625
11.44125
11.511875
11.5825
11.653125
11.72375
11.794375
11.865
11.935625
12.00625
12.076875
12.1475
12.218125
12.28875
12.359375
12.43
12.500625
12.57125
12.641875
12.7125
12.783125
12.85375
12.924375
12.995
13.065625
13.13625
13.206875
13.2775
13.348125
13.41875
13.489375
13.56
13.630625
13.70125
13.771875
13.8425
13.913125
13.98375
14.054375
14.125
14.195625
14.26625
14.336875
14.4075
14.478125
14.54875
14.619375
14.69
14.760625
14.83125
14.901875
14.9725
15.043125
15.11375
15.184375
15.255
15.325625
15.39625
15.466875
15.5375
15.608125
15.67875
15.749375
15.82
15.890625
15.96125
16.031875
16.1025
16.173125
16.24375
16.314375
16.385
16.455625
16.52625
16.596875
16.6675
16.738125
16.80875
16.879375
16.95
17.020625
17.09125
17.161875
17.2325
17.303125
17.37375
17.444375
17.515
17.585625
17.65625
17.726875
17.7975
17.868125
17.93875
18.009375
18.08
18.150625
18.22125
18.291875
18.3625
18.433125
18.50375
18.574375
18.645
18.715625
18.78625
18.856875
18.9275
18.998125
19.06875
19.139375
19.21
19.280625
19.35125
19.421875
19.4925
19.563125
19.63375
19.704375
19.775
19.845625
19.91625
19.986875
20.0575
20.128125
20.19875
20.269375
20.34
20.410625
20.48125
20.551875
20.6225
20.693125
20.76375
20.834375
20.905
20.975625
21.04625
21.116875
21.1875
21.258125
21.32875
21.399375
21.47
21.540625
21.61125
21.681875
21.7525
21.823125
21.89375
21.964375
22.035
22.105625
22.17625
22.246875
22.3175
22.388125
22.45875
22.529375
22.6
22.670625
22.74125
22.811875
22.8825
22.953125
23.02375
23.094375
23.165
23.235625
23.30625
23.376875
23.4475
23.518125
23.58875
23.659375
23.73
23.800625
23.87125
23.941875
24.0125
24.083125
24.15375
24.224375
24.295
24.365625
24.43625
24.506875
24.5775
24.648125
24.71875
24.789375
24.86
24.930625
25.00125
25.071875
25.1425
25.213125
25.28375
25.354375
25.425
25.495625
25.56625
25.636875
25.7075
25.778125
25.84875
25.919375
25.99
26.060625
26.13125
26.201875
26.2725
26.343125
26.41375
26.484375
26.555
26.625625
26.69625
26.766875
26.8375
26.908125
26.97875
27.049375
27.12
27.190625
27.26125
27.331875
27.4025
27.473125
27.54375
27.614375
27.685
27.755625
27.82625
27.896875
27.9675
28.038125
28.10875
28.179375
28.25
28.320625
28.39125
28.461875
28.5325
28.603125
28.67375
28.744375
28.815
28.885625
28.95625
29.026875
29.0975
29.168125
29.23875
29.309375
29.38
29.450625
29.52125
29.591875
29.6625
29.733125
29.80375
29.874375
29.945
30.015625
30.08625
30.156875
30.2275
30.298125
30.36875
30.439375
30.51
30.580625
30.65125
30.721875
30.7925
30.863125
30.93375
31.004375
31.075
31.145625
31.21625
31.286875
31.3575
31.428125
31.49875
31.569375
31.64
31.710625
31.78125
31.851875
31.9225
31.993125
32.06375
32.134375
32.205
32.275625
32.34625
32.416875
32.4875
32.558125
32.62875
32.699375
32.77
32.840625
32.91125
32.981875
33.0525
33.123125
33.19375
33.264375
33.335
33.405625
33.47625
33.546875
33.6175
33.688125
33.75875
33.829375
33.9
33.970625
34.04125
34.111875
34.1825
34.253125
34.32375
34.394375
34.465
34.535625
34.60625
34.676875
34.7475
34.818125
34.88875
34.959375
35.03
35.100625
35.17125
35.241875
35.3125
35.383125
35.45375
35.524375
35.595
35.665625
35.73625
35.806875
35.8775
35.948125
36.01875
36.089375
36.16
36.230625
36.30125
36.371875
36.4425
36.513125
36.58375
36.654375
36.725
36.795625
36.86625
36.936875
37.0075
37.078125
37.14875
37.219375
37.29
37.360625
37.43125
37.501875
37.5725
37.643125
37.71375
37.784375
37.855
37.925625
37.99625
38.066875
38.1375
38.208125
38.27875
38.349375
38.42
38.490625
38.56125
38.631875
38.7025
38.773125
38.84375
38.914375
38.985
39.055625
39.12625
39.196875
39.2675
39.338125
39.40875
39.479375
39.55
39.620625
39.69125
39.761875
39.8325
39.903125
39.97375
40.044375
40.115
40.185625
40.25625
40.326875
40.3975
40.468125
40.53875
40.609375
40.68
40.750625
40.82125
40.891875
40.9625
41.033125
41.10375
41.174375
41.245
41.315625
41.38625
41.456875
41.5275
41.598125
41.66875
41.739375
41.81
41.880625
41.95125
42.021875
42.0925
42.163125
42.23375
42.304375
42.375
42.445625
42.51625
42.586875
42.6575
42.728125
42.79875
42.869375
42.94
43.010625
43.08125
43.151875
43.2225
43.293125
43.36375
43.434375
43.505
43.575625
43.64625
43.716875
43.7875
43.858125
43.92875
43.999375
44.07
44.140625
44.21125
44.281875
44.3525
44.423125
44.49375
44.564375
44.635
44.705625
44.77625
44.846875
44.9175
44.988125
45.05875
45.129375
45.2
45.270625
45.34125
45.411875
45.4825
45.553125
45.62375
45.694375
45.765
45.835625
45.90625
45.976875
46.0475
46.118125
46.18875
46.259375
46.33
46.400625
46.47125
46.541875
46.6125
46.683125
46.75375
46.824375
46.895
46.965625
47.03625
47.106875
47.1775
47.248125
47.31875
47.389375
47.46
47.530625
47.60125
47.671875
47.7425
47.813125
47.88375
47.954375
48.025
48.095625
48.16625
48.236875
48.3075
48.378125
48.44875
48.519375
48.59
48.660625
48.73125
48.801875
48.8725
48.943125
49.01375
49.084375
49.155
49.225625
49.29625
49.366875
49.4375
49.508125
49.57875
49.649375
49.72
49.790625
49.86125
49.931875
50.0025
50.073125
50.14375
50.214375
50.285
50.355625
50.42625
50.496875
50.5675
50.638125
50.70875
50.779375
50.85
50.920625
50.99125
51.061875
51.1325
51.203125
51.27375
51.344375
51.415
51.485625
51.55625
51.626875
51.6975
51.768125
51.83875
51.909375
51.98
52.050625
52.12125
52.191875
52.2625
52.333125
52.40375
52.474375
52.545
52.615625
52.68625
52.756875
52.8275
52.898125
52.96875
53.039375
53.11
53.180625
53.25125
53.321875
53.3925
53.463125
53.53375
53.604375
53.675
53.745625
53.81625
53.886875
53.9575
54.028125
54.09875
54.169375
54.24
54.310625
54.38125
54.451875
54.5225
54.593125
54.66375
54.734375
54.805
54.875625
54.94625
55.016875
55.0875
55.158125
55.22875
55.299375
55.37
55.440625
55.51125
55.581875
55.6525
55.723125
55.79375
55.864375
55.935
56.005625
56.07625
56.146875
56.2175
56.288125
56.35875
56.429375
56.5
56.570625
56.64125
56.711875
56.7825
56.853125
56.92375
56.994375
57.065
57.135625
57.20625
57.276875
57.3475
57.418125
57.48875
57.559375
57.63
57.700625
57.77125
57.841875
57.9125
57.983125
58.05375
58.124375
58.195
58.265625
58.33625
58.406875
58.4775
58.548125
58.61875
58.689375
58.76
58.830625
58.90125
58.971875
59.0425
59.113125
59.18375
59.254375
59.325
59.395625
59.46625
59.536875
59.6075
59.678125
59.74875
59.819375
59.89
59.960625
60.03125
60.101875
60.1725
60.243125
60.31375
60.384375
60.455
60.525625
60.59625
60.666875
60.7375
60.808125
60.87875
60.949375
61.02
61.090625
61.16125
61.231875
61.3025
61.373125
61.44375
61.514375
61.585
61.655625
61.72625
61.796875
61.8675
61.938125
62.00875
62.079375
62.15
62.220625
62.29125
62.361875
62.4325
62.503125
62.57375
62.644375
62.715
62.785625
62.85625
62.926875
62.9975
63.068125
63.13875
63.209375
63.28
63.350625
63.42125
63.491875
63.5625
63.633125
63.70375
63.774375
63.845
63.915625
63.98625
64.056875
64.1275
64.198125
64.26875
64.339375
64.41
64.480625
64.55125
64.621875
64.6925
64.763125
64.83375
64.904375
64.975
65.045625
65.11625
65.186875
65.2575
65.328125
65.39875
65.469375
65.54
65.610625
65.68125
65.751875
65.8225
65.893125
65.96375
66.034375
66.105
66.175625
66.24625
66.316875
66.3875
66.458125
66.52875
66.599375
66.67
66.740625
66.81125
66.881875
66.9525
67.023125
67.09375
67.164375
67.235
67.305625
67.37625
67.446875
67.5175
67.588125
67.65875
67.729375
67.8
67.870625
67.94125
68.011875
68.0825
68.153125
68.22375
68.294375
68.365
68.435625
68.50625
68.576875
68.6475
68.718125
68.78875
68.859375
68.93
69.000625
69.07125
69.141875
69.2125
69.283125
69.35375
69.424375
69.495
69.565625
69.63625
69.706875
69.7775
69.848125
69.91875
69.989375
70.06
70.130625
70.20125
70.271875
70.3425
70.413125
70.48375
70.554375
70.625
70.695625
70.76625
70.836875
70.9075
70.978125
71.04875
71.119375
71.19
71.260625
71.33125
71.401875
71.4725
71.543125
71.61375
71.684375
71.755
71.825625
71.89625
71.966875
72.0375
72.108125
72.17875
72.249375
72.32
72.390625
72.46125
72.531875
72.6025
72.673125
72.74375
72.814375
72.885
72.955625
73.02625
73.096875
73.1675
73.238125
73.30875
73.379375
73.45
73.520625
73.59125
73.661875
73.7325
73.803125
73.87375
73.944375
74.015
74.085625
74.15625
74.226875
74.2975
74.368125
74.43875
74.509375
74.58
74.650625
74.72125
74.791875
74.8625
74.933125
75.00375
75.074375
75.145
75.215625
75.28625
75.356875
75.4275
75.498125
75.56875
75.639375
75.71
75.780625
75.85125
75.921875
75.9925
76.063125
76.13375
76.204375
76.275
76.345625
76.41625
76.486875
76.5575
76.628125
76.69875
76.769375
76.84
76.910625
76.98125
77.051875
77.1225
77.193125
77.26375
77.334375
77.405
77.475625
77.54625
77.616875
77.6875
77.758125
77.82875
77.899375
77.97
78.040625
78.11125
78.181875
78.2525
78.323125
78.39375
78.464375
78.535
78.605625
78.67625
78.746875
78.8175
78.888125
78.95875
79.029375
79.1
79.170625
79.24125
79.311875
79.3825
79.453125
79.52375
79.594375
79.665
79.735625
79.80625
79.876875
79.9475
80.018125
80.08875
80.159375
80.23
80.300625
80.37125
80.441875
80.5125
80.583125
80.65375
80.724375
80.795
80.865625
80.93625
81.006875
81.0775
81.148125
81.21875
81.289375
81.36
81.430625
81.50125
81.571875
81.6425
81.713125
81.78375
81.854375
81.925
81.995625
82.06625
82.136875
82.2075
82.278125
82.34875
82.419375
82.49
82.560625
82.63125
82.701875
82.7725
82.843125
82.91375
82.984375
83.055
83.125625
83.19625
83.266875
83.3375
83.408125
83.47875
83.549375
83.62
83.690625
83.76125
83.831875
83.9025
83.973125
84.04375
84.114375
84.185
84.255625
84.32625
84.396875
84.4675
84.538125
84.60875
84.679375
84.75
84.820625
84.89125
84.961875
85.0325
85.103125
85.17375
85.244375
85.315
85.385625
85.45625
85.526875
85.5975
85.668125
85.73875
85.809375
85.88
85.950625
86.02125
86.091875
86.1625
86.233125
86.30375
86.374375
86.445
86.515625
86.58625
86.656875
86.7275
86.798125
86.86875
86.939375
87.01
87.080625
87.15125
87.221875
87.2925
87.363125
87.43375
87.504375
87.575
87.645625
87.71625
87.786875
87.8575
87.928125
87.99875
88.069375
88.14
88.210625
88.28125
88.351875
88.4225
88.493125
88.56375
88.634375
88.705
88.775625
88.84625
88.916875
88.9875
89.058125
89.12875
89.199375
89.27
89.340625
89.41125
89.481875
89.5525
89.623125
89.69375
89.764375
89.835
89.905625
89.97625
90.046875
90.1175
90.188125
90.25875
90.329375
90.4
90.470625
90.54125
90.611875
90.6825
90.753125
90.82375
90.894375
90.965
91.035625
91.10625
91.176875
91.2475
91.318125
91.38875
91.459375
91.53
91.600625
91.67125
91.741875
91.8125
91.883125
91.95375
92.024375
92.095
92.165625
92.23625
92.306875
92.3775
92.448125
92.51875
92.589375
92.66
92.730625
92.80125
92.871875
92.9425
93.013125
93.08375
93.154375
93.225
93.295625
93.36625
93.436875
93.5075
93.578125
93.64875
93.719375
93.79
93.860625
93.93125
94.001875
94.0725
94.143125
94.21375
94.284375
94.355
94.425625
94.49625
94.566875
94.6375
94.708125
94.77875
94.849375
94.92
94.990625
95.06125
95.131875
95.2025
95.273125
95.34375
95.414375
95.485
95.555625
95.62625
95.696875
95.7675
95.838125
95.90875
95.979375
96.05
96.120625
96.19125
96.261875
96.3325
96.403125
96.47375
96.544375
96.615
96.685625
96.75625
96.826875
96.8975
96.968125
97.03875
97.109375
97.18
97.250625
97.32125
97.391875
97.4625
97.533125
97.60375
97.674375
97.745
97.815625
97.88625
97.956875
98.0275
98.098125
98.16875
98.239375
98.31
98.380625
98.45125
98.521875
98.5925
98.663125
98.73375
98.804375
98.875
98.945625
99.01625
99.086875
99.1575
99.228125
99.29875
99.369375
99.44
99.510625
99.58125
99.651875
99.7225
99.793125
99.86375
99.934375
100.005
100.075625
100.14625
100.216875
100.2875
100.358125
100.42875
100.499375
100.57
100.640625
100.71125
100.781875
100.8525
100.923125
100.99375
101.064375
101.135
101.205625
101.27625
101.346875
101.4175
101.488125
101.55875
101.629375
101.7
101.770625
101.84125
101.911875
101.9825
102.053125
102.12375
102.194375
102.265
102.335625
102.40625
102.476875
102.5475
102.618125
102.68875
102.759375
102.83
102.900625
102.97125
103.041875
103.1125
103.183125
103.25375
103.324375
103.395
103.465625
103.53625
103.606875
103.6775
103.748125
103.81875
103.889375
103.96
104.030625
104.10125
104.171875
104.2425
104.313125
104.38375
104.454375
104.525
104.595625
104.66625
104.736875
104.8075
104.878125
104.94875
105.019375
105.09
105.160625
105.23125
105.301875
105.3725
105.443125
105.51375
105.584375
105.655
105.725625
105.79625
105.866875
105.9375
106.008125
106.07875
106.149375
106.22
106.290625
106.36125
106.431875
106.5025
106.573125
106.64375
106.714375
106.785
106.855625
106.92625
106.996875
107.0675
107.138125
107.20875
107.279375
107.35
107.420625
107.49125
107.561875
107.6325
107.703125
107.77375
107.844375
107.915
107.985625
108.05625
108.126875
108.1975
108.268125
108.33875
108.409375
108.48
108.550625
108.62125
108.691875
108.7625
108.833125
108.90375
108.974375
109.045
109.115625
109.18625
109.256875
109.3275
109.398125
109.46875
109.539375
109.61
109.680625
109.75125
109.821875
109.8925
109.963125
110.03375
110.104375
110.175
110.245625
110.31625
110.386875
110.4575
110.528125
110.59875
110.669375
110.74
110.810625
110.88125
110.951875
111.0225
111.093125
111.16375
111.234375
111.305
111.375625
111.44625
111.516875
111.5875
111.658125
111.72875
111.799375
111.87
111.940625
112.01125
112.081875
112.1525
112.223125
112.29375
112.364375
112.435
112.505625
112.57625
112.646875
112.7175
112.788125
112.85875
112.929375
113
% Elements (lines)
1          2
2          3
3          4
4          5
5          6
6          7
7          8
8          9
9          10
10         11
11         12
12         13
13         14
14         15
15         16
16         17
17         18
18         19
19         20
20         21
21         22
22         23
23         24
24         25
25         26
26         27
27         28
28         29
29         30
30         31
31         32
32         33
33         34
34         35
35         36
36         37
37         38
38         39
39         40
40         41
41         42
42         43
43         44
44         45
45         46
46         47
47         48
48         49
49         50
50         51
51         52
52         53
53         54
54         55
55         56
56         57
57         58
58         59
59         60
60         61
61         62
62         63
63         64
64         65
65         66
66         67
67         68
68         69
69         70
70         71
71         72
72         73
73         74
74         75
75         76
76         77
77         78
78         79
79         80
80         81
81         82
82         83
83         84
84         85
85         86
86         87
87         88
88         89
89         90
90         91
91         92
92         93
93         94
94         95
95         96
96         97
97         98
98         99
99         100
100        101
101        102
102        103
103        104
104        105
105        106
106        107
107        108
108        109
109        110
110        111
111        112
112        113
113        114
114        115
115        116
116        117
117        118
118        119
119        120
120        121
121        122
122        123
123        124
124        125
125        126
126        127
127        128
128        129
129        130
130        131
131        132
132        133
133        134
134        135
135        136
136        137
137        138
138        139
139        140
140        141
141        142
142        143
143        144
144        145
145        146
146        147
147        148
148        149
149        150
150        151
151        152
152        153
153        154
154        155
155        156
156        157
157        158
158        159
159        160
160        161
161        162
162        163
163        164
164        165
165        166
166        167
167        168
168        169
169        170
170        171
171        172
172        173
173        174
174        175
175        176
176        177
177        178
178        179
179        180
180        181
181        182
182        183
183        184
184        185
185        186
186        187
187        188
188        189
189        190
190        191
191        192
192        193
193        194
194        195
195        196
196        197
197        198
198        199
199        200
200        201
201        202
202        203
203        204
204        205
205        206
206        207
207        208
208        209
209        210
210        211
211        212
212        213
213        214
214        215
215        216
216        217
217        218
218        219
219        220
220        221
221        222
222        223
223        224
224        225
225        226
226        227
227        228
228        229
229        230
230        231
231        232
232        233
233        234
234        235
235        236
236        237
237        238
238        239
239        240
240        241
241        242
242        243
243        244
244        245
245        246
246        247
247        248
248        249
249        250
250        251
251        252
252        253
253        254
254        255
255        256
256        257
257        258
258        259
259        260
260        261
261        262
262        263
263        264
264        265
265        266
266        267
267        268
268        269
269        270
270        271
271        272
272        273
273        274
274        275
275        276
276        277
277        278
278        279
279        280
280        281
281        282
282        283
283        284
284        285
285        286
286        287
287        288
288        289
289        290
290        291
291        292
292        293
293        294
294        295
295        296
296        297
297        298
298        299
299        300
300        301
301        302
302        303
303        304
304        305
305        306
306        307
307        308
308        309
309        310
310        311
311        312
312        313
313        314
314        315
315        316
316        317
317        318
318        319
319        320
320        321
321        322
322        323
323        324
324        325
325        326
326        327
327        328
328        329
329        330
330        331
331        332
332        333
333        334
334        335
335        336
336        337
337        338
338        339
339        340
340        341
341        342
342        343
343        344
344        345
345        346
346        347
347        348
348        349
349        350
350        351
351        352
352        353
353        354
354        355
355        356
356        357
357        358
358        359
359        360
360        361
361        362
362        363
363        364
364        365
365        366
366        367
367        368
368        369
369        370
370        371
371        372
372        373
373        374
374        375
375        376
376        377
377        378
378        379
379        380
380        381
381        382
382        383
383        384
384        385
385        386
386        387
387        388
388        389
389        390
390        391
391        392
392        393
393        394
394        395
395        396
396        397
397        398
398        399
399        400
400        401
401        402
402        403
403        404
404        405
405        406
406        407
407        408
408        409
409        410
410        411
411        412
412        413
413        414
414        415
415        416
416        417
417        418
418        419
419        420
420        421
421        422
422        423
423        424
424        425
425        426
426        427
427        428
428        429
429        430
430        431
431        432
432        433
433        434
434        435
435        436
436        437
437        438
438        439
439        440
440        441
441        442
442        443
443        444
444        445
445        446
446        447
447        448
448        449
449        450
450        451
451        452
452        453
453        454
454        455
455        456
456        457
457        458
458        459
459        460
460        461
461        462
462        463
463        464
464        465
465        466
466        467
467        468
468        469
469        470
470        471
471        472
472        473
473        474
474        475
475        476
476        477
477        478
478        479
479        480
480        481
481        482
482        483
483        484
484        485
485        486
486        487
487        488
488        489
489        490
490        491
491        492
492        493
493        494
494        495
495        496
496        497
497        498
498        499
499        500
500        501
501        502
502        503
503        504
504        505
505        506
506        507
507        508
508        509
509        510
510        511
511        512
512        513
513        514
514        515
515        516
516        517
517        518
518        519
519        520
520        521
521        522
522        523
523        524
524        525
525        526
526        527
527        528
528        529
529        530
530        531
531        532
532        533
533        534
534        535
535        536
536        537
537        538
538        539
539        540
540        541
541        542
542        543
543        544
544        545
545        546
546        547
547        548
548        549
549        550
550        551
551        552
552        553
553        554
554        555
555        556
556        557
557        558
558        559
559        560
560        561
561        562
562        563
563        564
564        565
565        566
566        567
567        568
568        569
569        570
570        571
571        572
572        573
573        574
574        575
575        576
576        577
577        578
578        579
579        580
580        581
581        582
582        583
583        584
584        585
585        586
586        587
587        588
588        589
589        590
590        591
591        592
592        593
593        594
594        595
595        596
596        597
597        598
598        599
599        600
600        601
601        602
602        603
603        604
604        605
605        606
606        607
607        608
608        609
609        610
610        611
611        612
612        613
613        614
614        615
615        616
616        617
617        618
618        619
619        620
620        621
621        622
622        623
623        624
624        625
625        626
626        627
627        628
628        629
629        630
630        631
631        632
632        633
633        634
634        635
635        636
636        637
637        638
638        639
639        640
640        641
641        642
642        643
643        644
644        645
645        646
646        647
647        648
648        649
649        650
650        651
651        652
652        653
653        654
654        655
655        656
656        657
657        658
658        659
659        660
660        661
661        662
662        663
663        664
664        665
665        666
666        667
667        668
668        669
669        670
670        671
671        672
672        673
673        674
674        675
675        676
676        677
677        678
678        679
679        680
680        681
681        682
682        683
683        684
684        685
685        686
686        687
687        688
688        689
689        690
690        691
691        692
692        693
693        694
694        695
695        696
696        697
697        698
698        699
699        700
700        701
701        702
702        703
703        704
704        705
705        706
706        707
707        708
708        709
709        710
710        711
711        712
712        713
713        714
714        715
715        716
716        717
717        718
718        719
719        720
720        721
721        722
722        723
723        724
724        725
725        726
726        727
727        728
728        729
729        730
730        731
731        732
732        733
733        734
734        735
735        736
736        737
737        738
738        739
739        740
740        741
741        742
742        743
743        744
744        745
745        746
746        747
747        748
748        749
749        750
750        751
751        752
752        753
753        754
754        755
755        756
756        757
757        758
758        759
759        760
760        761
761        762
762        763
763        764
764        765
765        766
766        767
767        768
768        769
769        770
770        771
771        772
772        773
773        774
774        775
775        776
776        777
777        778
778        779
779        780
780        781
781        782
782        783
783        784
784        785
785        786
786        787
787        788
788        789
789        790
790        791
791        792
792        793
793        794
794        795
795        796
796        797
797        798
798        799
799        800
800        801
801        802
802        803
803        804
804        805
805        806
806        807
807        808
808        809
809        810
810        811
811        812
812        813
813        814
814        815
815        816
816        817
817        818
818        819
819        820
820        821
821        822
822        823
823        824
824        825
825        826
826        827
827        828
828        829
829        830
830        831
831        832
832        833
833        834
834        835
835        836
836        837
837        838
838        839
839        840
840        841
841        842
842        843
843        844
844        845
845        846
846        847
847        848
848        849
849        850
850        851
851        852
852        853
853        854
854        855
855        856
856        857
857        858
858        859
859        860
860        861
861        862
862        863
863        864
864        865
865        866
866        867
867        868
868        869
869        870
870        871
871        872
872        873
873        874
874        875
875        876
876        877
877        878
878        879
879        880
880        881
881        882
882        883
883        884
884        885
885        886
886        887
887        888
888        889
889        890
890        891
891        892
892        893
893        894
894        895
895        896
896        897
897        898
898        899
899        900
900        901
901        902
902        903
903        904
904        905
905        906
906        907
907        908
908        909
909        910
910        911
911        912
912        913
913        914
914        915
915        916
916        917
917        918
918        919
919        920
920        921
921        922
922        923
923        924
924        925
925        926
926        927
927        928
928        929
929        930
930        931
931        932
932        933
933        934
934        935
935        936
936        937
937        938
938        939
939        940
940        941
941        942
942        943
943        944
944        945
945        946
946        947
947        948
948        949
949        950
950        951
951        952
952        953
953        954
954        955
955        956
956        957
957        958
958        959
959        960
960        961
961        962
962        963
963        964
964        965
965        966
966        967
967        968
968        969
969        970
970        971
971        972
972        973
973        974
974        975
975        976
976        977
977        978
978        979
979        980
980        981
981        982
982        983
983        984
984        985
985        986
986        987
987        988
988        989
989        990
990        991
991        992
992        993
993        994
994        995
995        996
996        997
997        998
998        999
999        1000
1000       1001
1001       1002
1002       1003
1003       1004
1004       1005
1005       1006
1006       1007
1007       1008
1008       1009
1009       1010
1010       1011
1011       1012
1012       1013
1013       1014
1014       1015
1015       1016
1016       1017
1017       1018
1018       1019
1019       1020
1020       1021
1021       1022
1022       1023
1023       1024
1024       1025
1025       1026
1026       1027
1027       1028
1028       1029
1029       1030
1030       1031
1031       1032
1032       1033
1033       1034
1034       1035
1035       1036
1036       1037
1037       1038
1038       1039
1039       1040
1040       1041
1041       1042
1042       1043
1043       1044
1044       1045
1045       1046
1046       1047
1047       1048
1048       1049
1049       1050
1050       1051
1051       1052
1052       1053
1053       1054
1054       1055
1055       1056
1056       1057
1057       1058
1058       1059
1059       1060
1060       1061
1061       1062
1062       1063
1063       1064
1064       1065
1065       1066
1066       1067
1067       1068
1068       1069
1069       1070
1070       1071
1071       1072
1072       1073
1073       1074
1074       1075
1075       1076
1076       1077
1077       1078
1078       1079
1079       1080
1080       1081
1081       1082
1082       1083
1083       1084
1084       1085
1085       1086
1086       1087
1087       1088
1088       1089
1089       1090
1090       1091
1091       1092
1092       1093
1093       1094
1094       1095
1095       1096
1096       1097
1097       1098
1098       1099
1099       1100
1100       1101
1101       1102
1102       1103
1103       1104
1104       1105
1105       1106
1106       1107
1107       1108
1108       1109
1109       1110
1110       1111
1111       1112
1112       1113
1113       1114
1114       1115
1115       1116
1116       1117
1117       1118
1118       1119
1119       1120
1120       1121
1121       1122
1122       1123
1123       1124
1124       1125
1125       1126
1126       1127
1127       1128
1128       1129
1129       1130
1130       1131
1131       1132
1132       1133
1133       1134
1134       1135
1135       1136
1136       1137
1137       1138
1138       1139
1139       1140
1140       1141
1141       1142
1142       1143
1143       1144
1144       1145
1145       1146
1146       1147
1147       1148
1148       1149
1149       1150
1150       1151
1151       1152
1152       1153
1153       1154
1154       1155
1155       1156
1156       1157
1157       1158
1158       1159
1159       1160
1160       1161
1161       1162
1162       1163
1163       1164
1164       1165
1165       1166
1166       1167
1167       1168
1168       1169
1169       1170
1170       1171
1171       1172
1172       1173
1173       1174
1174       1175
1175       1176
1176       1177
1177       1178
1178       1179
1179       1180
1180       1181
1181       1182
1182       1183
1183       1184
1184       1185
1185       1186
1186       1187
1187       1188
1188       1189
1189       1190
1190       1191
1191       1192
1192       1193
1193       1194
1194       1195
1195       1196
1196       1197
1197       1198
1198       1199
1199       1200
1200       1201
1201       1202
1202       1203
1203       1204
1204       1205
1205       1206
1206       1207
1207       1208
1208       1209
1209       1210
1210       1211
1211       1212
1212       1213
1213       1214
1214       1215
1215       1216
1216       1217
1217       1218
1218       1219
1219       1220
1220       1221
1221       1222
1222       1223
1223       1224
1224       1225
1225       1226
1226       1227
1227       1228
1228       1229
1229       1230
1230       1231
1231       1232
1232       1233
1233       1234
1234       1235
1235       1236
1236       1237
1237       1238
1238       1239
1239       1240
1240       1241
1241       1242
1242       1243
1243       1244
1244       1245
1245       1246
1246       1247
1247       1248
1248       1249
1249       1250
1250       1251
1251       1252
1252       1253
1253       1254
1254       1255
1255       1256
1256       1257
1257       1258
1258       1259
1259       1260
1260       1261
1261       1262
1262       1263
1263       1264
1264       1265
1265       1266
1266       1267
1267       1268
1268       1269
1269       1270
1270       1271
1271       1272
1272       1273
1273       1274
1274       1275
1275       1276
1276       1277
1277       1278
1278       1279
1279       1280
1280       1281
1281       1282
1282       1283
1283       1284
1284       1285
1285       1286
1286       1287
1287       1288
1288       1289
1289       1290
1290       1291
1291       1292
1292       1293
1293       1294
1294       1295
1295       1296
1296       1297
1297       1298
1298       1299
1299       1300
1300       1301
1301       1302
1302       1303
1303       1304
1304       1305
1305       1306
1306       1307
1307       1308
1308       1309
1309       1310
1310       1311
1311       1312
1312       1313
1313       1314
1314       1315
1315       1316
1316       1317
1317       1318
1318       1319
1319       1320
1320       1321
1321       1322
1322       1323
1323       1324
1324       1325
1325       1326
1326       1327
1327       1328
1328       1329
1329       1330
1330       1331
1331       1332
1332       1333
1333       1334
1334       1335
1335       1336
1336       1337
1337       1338
1338       1339
1339       1340
1340       1341
1341       1342
1342       1343
1343       1344
1344       1345
1345       1346
1346       1347
1347       1348
1348       1349
1349       1350
1350       1351
1351       1352
1352       1353
1353       1354
1354       1355
1355       1356
1356       1357
1357       1358
1358       1359
1359       1360
1360       1361
1361       1362
1362       1363
1363       1364
1364       1365
1365       1366
1366       1367
1367       1368
1368       1369
1369       1370
1370       1371
1371       1372
1372       1373
1373       1374
1374       1375
1375       1376
1376       1377
1377       1378
1378       1379
1379       1380
1380       1381
1381       1382
1382       1383
1383       1384
1384       1385
1385       1386
1386       1387
1387       1388
1388       1389
1389       1390
1390       1391
1391       1392
1392       1393
1393       1394
1394       1395
1395       1396
1396       1397
1397       1398
1398       1399
1399       1400
1400       1401
1401       1402
1402       1403
1403       1404
1404       1405
1405       1406
1406       1407
1407       1408
1408       1409
1409       1410
1410       1411
1411       1412
1412       1413
1413       1414
1414       1415
1415       1416
1416       1417
1417       1418
1418       1419
1419       1420
1420       1421
1421       1422
1422       1423
1423       1424
1424       1425
1425       1426
1426       1427
1427       1428
1428       1429
1429       1430
1430       1431
1431       1432
1432       1433
1433       1434
1434       1435
1435       1436
1436       1437
1437       1438
1438       1439
1439       1440
1440       1441
1441       1442
1442       1443
1443       1444
1444       1445
1445       1446
1446       1447
1447       1448
1448       1449
1449       1450
1450       1451
1451       1452
1452       1453
1453       1454
1454       1455
1455       1456
1456       1457
1457       1458
1458       1459
1459       1460
1460       1461
1461       1462
1462       1463
1463       1464
1464       1465
1465       1466
1466       1467
1467       1468
1468       1469
1469       1470
1470       1471
1471       1472
1472       1473
1473       1474
1474       1475
1475       1476
1476       1477
1477       1478
1478       1479
1479       1480
1480       1481
1481       1482
1482       1483
1483       1484
1484       1485
1485       1486
1486       1487
1487       1488
1488       1489
1489       1490
1490       1491
1491       1492
1492       1493
1493       1494
1494       1495
1495       1496
1496       1497
1497       1498
1498       1499
1499       1500
1500       1501
1501       1502
1502       1503
1503       1504
1504       1505
1505       1506
1506       1507
1507       1508
1508       1509
1509       1510
1510       1511
1511       1512
1512       1513
1513       1514
1514       1515
1515       1516
1516       1517
1517       1518
1518       1519
1519       1520
1520       1521
1521       1522
1522       1523
1523       1524
1524       1525
1525       1526
1526       1527
1527       1528
1528       1529
1529       1530
1530       1531
1531       1532
1532       1533
1533       1534
1534       1535
1535       1536
1536       1537
1537       1538
1538       1539
1539       1540
1540       1541
1541       1542
1542       1543
1543       1544
1544       1545
1545       1546
1546       1547
1547       1548
1548       1549
1549       1550
1550       1551
1551       1552
1552       1553
1553       1554
1554       1555
1555       1556
1556       1557
1557       1558
1558       1559
1559       1560
1560       1561
1561       1562
1562       1563
1563       1564
1564       1565
1565       1566
1566       1567
1567       1568
1568       1569
1569       1570
1570       1571
1571       1572
1572       1573
1573       1574
1574       1575
1575       1576
1576       1577
1577       1578
1578       1579
1579       1580
1580       1581
1581       1582
1582       1583
1583       1584
1584       1585
1585       1586
1586       1587
1587       1588
1588       1589
1589       1590
1590       1591
1591       1592
1592       1593
1593       1594
1594       1595
1595       1596
1596       1597
1597       1598
1598       1599
1599       1600
1600       1601
% Data (Height)
0
0
0
0
0
0
0
0
0
0
0
0
0
0
0
0
0
0
0
0
0
0
0
0
0
0
0
0
0
0
0
0
0
0
0
0
0
0
0
0
0
0
0
0
0
0
0
0
0
0
0
0
0
0
0
0
0
0
0
0
0
0
0
0
0
0
0
0
0
0
0
0
0
0
0
0
0
0
0
0
0
0
0
0
0
0
0
0
0
0
0
0
0
0
0
0
0
0
0
0
0
0
0
0
0
0
0
0
0
0
0
0
0
0
0
0
0
0
0
0
0
0
0
0
0
0
0
0
0
0
0
0
0
0
0
0
0
0
0
0
0
0
0
0
0
0
0
0
0
0
0
0
0
0
0
0
0
0
0
0
0
0
0
0
0
0
0
0
0
0
0
0
0
0
0
0
0
0
0
0
0
0
0
0
0
0
0
0
0
0
0
0
0
0
0
0
0
0
0
0
0
0
0
0
0
0
0
0
0
0
0
0
0
0
0
0
0
0
0
0
0
0
0
0
0
0
0
0
0
0
0
0
0
0
0
0
0
0
0
0
0
0
0
0
0
0
0
0
0
0
0
0
0
0
0
0
0
0
0
0
0
0
0
0
0
0
0
0
0
0
0
0
0
0
0
0
0
0
0
0
0
0
0
0
0
0
0
0
0
0
0
0
0
0
0
0
0
0
0
0
0
0
0
0
0
0
0
0
0
0
0
0
0
0
0
0
0
0
0
0
0
0
0
0
0
0
0
0
0
0
0
0
0
0
0
0
0
0
0
0
0
0
0
0
0
0
0
0
0
0
0
0
0
0
0
0
0
0
0
0
0
0
0
0
0
0
0
0
0
0
0
0
0
0
0
0
0
0
0
0
0
0
0
0
0
0
0
0
0
0
0
0
0
0
0
0
0
0
0
0
0
0
0
0
0
0
0
0
0
0
0
0
0
0
0
0
0
0
0
0
0
0
0
0
0
0
0
0
0
0
0
0
0
0
0
0
0
0
0
0
0
0
0
0
0
0
0
0
0
0
0
0
0
0
0
0
0
0
0
0
0
0
0
0
0
0
0
0
0
0
0
0
0
0
0
0
0
0
0
0
0
0
0
0
0
0
0
0
0
0
0
0
0
0
0
0
0
0
0
0
0
0
0
0
0
0
0
0
0
0
0
0
0
0
0
0
0
0
0
0
0
0
0
0
0
0
0
0
0
0
0
0
0
0
0
0
0
0
0
0
0
0
0
0
0
0
0
0
0
0
0
0
0
0
0
0
0
0
0
0
2.976381249999455E-4
0.0037339346483473675
0.013214985994558722
0.029923641977938748
0.053621384754396303
0.08297345948015519
0.1158740049704488
0.14977118435822204
0.18199231575283212
0.21006900289874886
0.2320622658342556
0.2468876715501497
0.25464046464844325
0.2569206980010635
0.257
0.257
0.257
0.257
0.257
0.257
0.257
0.257
0.257
0.257
0.257
0.257
0.257
0.257
0.257
0.257
0.257
0.257
0.257
0.257
0.257
0.257
0.257
0.257
0.257
0.257
0.257
0.257
0.257
0.257
0.257
0.257
0.257
0.257
0.257
0.257
0.257
0.257
0.257
0.257
0.257
0.257
0.257
0.257
0.257
0.257
0.257
0.257
0.257
0.257
0.257
0.257
0.257
0.257
0.257
0.257
0.257
0.257
0.257
0.257
0.257
0.257
0.257
0.257
0.257
0.257
0.257
0.257
0.257
0.257
0.257
0.257
0.257
0.257
0.257
0.257
0.257
0.257
0.257
0.257
0.257
0.257
0.257
0.257
0.257
0.257
0.257
0.257
0.257
0.257
0.257
0.257
0.25711586120845875
0.25965588600993195
0.2678174133551997
0.28309783131738914
0.3055098605369764
0.33390668488048786
0.36630708209920043
0.4002205544878422
0.4329724595432934
0.46202914062328637
0.48532305760510674
0.5015779175442939
0.5106338053333416
0.5137723143603984
0.514
0.514
0.514
0.514
0.514
0.514
0.514
0.514
0.514
0.514
0.514
0.514
0.514
0.514
0.514
0.514
0.514
0.514
0.514
0.514
0.514
0.514
0.514
0.514
0.514
0.514
0.514
0.514
0.514
0.514
0.514
0.514
0.514
0.514
0.514
0.514
0.514
0.514
0.514
0.514
0.514
0.514
0.514
0.514
0.514
0.514
0.514
0.514
0.514
0.514
0.514
0.514
0.514
0.514
0.514
0.514
0.514
0.514
0.514
0.514
0.514
0.514
0.514
0.514
0.514
0.514
0.514
0.514
0.514
0.514
0.514
0.514
0.514
0.514
0.514
0.514
0.514
0.514
0.514
0.514
0.514
0.514
0.514
0.514
0.514
0.514
0.514
0.514
0.514
0.514
0.514
0.514
0.514
0.514
0.514
0.514
0.514
0.514
0.514
0.514
0.514
0.514
0.514
0.514
0.514
0.514
0.514
0.514
0.514
0.514
0.514
0.514
0.514
0.5139995464458842
0.5129869990763789
0.5075457209398763
0.4954334694594535
0.4760336553516908
0.450030211967971
0.41908246463577875
0.3855
0.35191753536422127
0.320969788032029
0.29496634464830923
0.27556653054054653
0.26345427906012375
0.2580130009236211
0.2570004535541159
0.257
0.257
0.257
0.257
0.257
0.257
0.257
0.257
0.257
0.257
0.257
0.257
0.257
0.257
0.257
0.257
0.257
0.257
0.257
0.257
0.257
0.257
0.257
0.257
0.257
0.257
0.257
0.257
0.257
0.257
0.257
0.257
0.257
0.257
0.257
0.257
0.257
0.257
0.257
0.257
0.257
0.257
0.257
0.257
0.257
0.257
0.257
0.257
0.257
0.257
0.257
0.257
0.257
0.257
0.257
0.257
0.257
0.257
0.257
0.257
0.257
0.257
0.257
0.257
0.257
0.257
0.257
0.257
0.257
0.257
0.257
0.257
0.257
0.257
0.257
0.257
0.257
0.257
0.257
0.257
0.257
0.257
0.257
0.257
0.257
0.257
0.257
0.257
0.257
0.257
0.257
0.257
0.2598504467010498
0.28158520594813713
0.33518006732416183
0.4251730317917195
0.5492829882680915
0.7000353669187483
0.8663877924508528
1.0353557374067797
1.1936381754575354
1.3292432346964402
1.433113850932404
1.5007534209836388
1.5338514559709993
1.541909234611596
1.542
1.542
1.542
1.542
1.542
1.542
1.542
1.542
1.542
1.542
1.542
1.542
1.542
1.542
1.542
1.542
1.542
1.542
1.542
1.542
1.542
1.542
1.542
1.542
1.542
1.542
1.542
1.542
1.542
1.542
1.542
1.542
1.542
1.542
1.542
1.542
1.542
1.542
1.542
1.542
1.542
1.542
1.542
1.542
1.542
1.542
1.542
1.542
1.542
1.542
1.542
1.542
1.542
1.542
1.542
1.542
1.542
1.542
1.542
1.542
1.542
1.542
1.542
1.542
1.542
1.542
1.542
1.542
1.542
1.542
1.542
1.542
1.542
1.542
1.542
1.542
1.542
1.542
1.542
1.542
1.542
1.542
1.542
1.542
1.542
1.542
1.542
1.542
1.542
1.542
1.542
1.542
1.542
1.542
1.542
1.542
1.542
1.542
1.542
1.5410349162355363
1.5261673129767863
1.482091941637606
1.4021159099056002
1.286811413195925
1.142390081357914
0.9790773253813942
0.8094866841034072
0.6469941709144532
0.5041126204652503
0.3908660353729799
0.3131639329280057
0.271175691800192
0.25770489874552643
0.257
0.257
0.257
0.257
0.257
0.257
0.257
0.257
0.257
0.257
0.257
0.257
0.257
0.257
0.257
0.257
0.257
0.257
0.257
0.257
0.257
0.257
0.257
0.257
0.257
0.257
0.257
0.257
0.257
0.257
0.257
0.257
0.257
0.257
0.257
0.257
0.257
0.257
0.257
0.257
0.257
0.257
0.257
0.257
0.257
0.257
0.257
0.257
0.257
0.257
0.257
0.257
0.257
0.257
0.257
0.257
0.257
0.257
0.257
0.257
0.257
0.257
0.257
0.257
0.257
0.257
0.257
0.257
0.257
0.257
0.257
0.257
0.257
0.257
0.257
0.257
0.257
0.257
0.257
0.257
0.257
0.257
0.257
0.257
0.257
0.257
0.257
0.257
0.257
0.257
0.257
0.257
0.257
0.257
0.257
0.257
0.257
0.257
0.257
0.25696678591497596
0.2551340160336171
0.24812398348435533
0.2341426620725334
0.21293823828546327
0.18547598063374854
0.15361310899255054
0.1197736639429302
0.08662337611309841
0.05674453551976733
0.03231086090939883
0.01476236909954994
0.004480244320134261
4.6170755474927294E-4
0
0
0
0
0
0
0
0
0
0
0
0
0
0
0
0
0
0
0
0
0
0
0
0
0
0
0
0
0
0
0
0
0
0
0
0
0
0
0
0
0
0
0
0
0
0
0
0
0
0
0
0
0
0
0
0
0
0
0
0
0
0
0
0
0
0
0
0
0
0
0
0
0
0
0
0
0
0
0
0
0
0
0
0
0
0
0
0
0
0
0
0
0
0
0
0
0
0
0
0
0
0
0
0
0
0
0
0
0
0
0
0
0
0
0
0
0
0
0
0
0
0
0
0
0
0
0
0
0
0
0
0
0
0
0
0
0
0
0
0
0
0
0
0
0
0
0
0
0
0
0
0
0
0
0
0
0
0
0
0
0
0
0
0
0
0
0
0
0
0
0
0
0
0
0
0
0
0
0
0
0
0
0
0
0
0
0
0
0
0
0
0
0
0
0
0
0
0
0
0
0
0
0
0
0
0
0
0
0
0
0
0
0
0
0
0
0
0
0
0
0
0
0
0
0
0
0
0
0
0
0
0
0
0
0
0
0
0
0
0
0
0
0
0
0
0
0
0
0
0
0
0
0
0
0
0
0
0
0
0
0
0
0
0
0
0
0
0
0
0
0
0
0
0
0
0
0
0
0
0
0
0
0
0
0
0
0
0
0
0
0
0
0
0
0
0
0
0
0
0
0
0
0
0
0
0
0
0
0
0
0
0
0
0
0
0
0
0
0
0
0
0
0
0
0
0
0
0
0
0
0
0
0
0
0
0
0
0
0
0
0
0
0
0
0
0
0
0
0
0
0
0
0
0
0
0
0
0
0
0
0
0
0
0
0
0
0
0
0
0
0
0
0
0
0
0
0
0
0
0
0
0
0
0
0
0
0
0
0
0
0
0
0
0
0
0
0
0
0
0
0
0
0
0
0
0
0
0
0
0
0
0
0
0
0
0
0
0
0
0
0
0
0
0
0
0
0
0
0
0
0
0
0
0
0
0
0
0
0
0
0
0
0
0
0
0
0
0
0
0
0
0
0
0
0
0
0
0
0
0
0
