% Model:              2cycle 聚焦 1MHz -18.mph
% Version:            COMSOL 5.5.0.359
% Date:               Jun 25 2023, 22:13
% Dimension:          1
% Nodes:              1601
% Elements:           1600
% Expressions:        1
% Description:        Global
% Coordinates
0
5.0E-8
1.0E-7
1.5E-7
2.0E-7
2.5E-7
3.0E-7
3.5E-7
4.0E-7
4.5E-7
5.0E-7
5.5E-7
6.0E-7
6.499999999999999E-7
7.0E-7
7.5E-7
8.0E-7
8.499999999999999E-7
9.0E-7
9.5E-7
1.0E-6
1.05E-6
1.1E-6
1.15E-6
1.2E-6
1.2499999999999999E-6
1.2999999999999998E-6
1.35E-6
1.4E-6
1.4499999999999999E-6
1.5E-6
1.55E-6
1.6E-6
1.6499999999999999E-6
1.6999999999999998E-6
1.75E-6
1.8E-6
1.8499999999999999E-6
1.9E-6
1.95E-6
2.0E-6
2.05E-6
2.1E-6
2.1499999999999997E-6
2.2E-6
2.25E-6
2.3E-6
2.35E-6
2.4E-6
2.45E-6
2.4999999999999998E-6
2.5499999999999997E-6
2.5999999999999997E-6
2.65E-6
2.7E-6
2.75E-6
2.8E-6
2.85E-6
2.8999999999999998E-6
2.9499999999999997E-6
3.0E-6
3.05E-6
3.1E-6
3.15E-6
3.2E-6
3.25E-6
3.2999999999999997E-6
3.3499999999999997E-6
3.3999999999999996E-6
3.45E-6
3.5E-6
3.55E-6
3.6E-6
3.6499999999999998E-6
3.6999999999999997E-6
3.7499999999999997E-6
3.8E-6
3.8499999999999996E-6
3.9E-6
3.9499999999999995E-6
4.0E-6
4.05E-6
4.1E-6
4.15E-6
4.2E-6
4.25E-6
4.2999999999999995E-6
4.35E-6
4.4E-6
4.45E-6
4.5E-6
4.55E-6
4.6E-6
4.6499999999999995E-6
4.7E-6
4.749999999999999E-6
4.8E-6
4.85E-6
4.9E-6
4.95E-6
4.9999999999999996E-6
5.05E-6
5.0999999999999995E-6
5.15E-6
5.199999999999999E-6
5.25E-6
5.3E-6
5.35E-6
5.4E-6
5.4499999999999995E-6
5.5E-6
5.549999999999999E-6
5.6E-6
5.65E-6
5.7E-6
5.75E-6
5.7999999999999995E-6
5.85E-6
5.899999999999999E-6
5.95E-6
6.0E-6
6.05E-6
6.1E-6
6.1499999999999996E-6
6.2E-6
6.2499999999999995E-6
6.3E-6
6.349999999999999E-6
6.4E-6
6.45E-6
6.5E-6
6.55E-6
6.5999999999999995E-6
6.65E-6
6.699999999999999E-6
6.75E-6
6.799999999999999E-6
6.85E-6
6.9E-6
6.9499999999999995E-6
7.0E-6
7.049999999999999E-6
7.1E-6
7.149999999999999E-6
7.2E-6
7.25E-6
7.2999999999999996E-6
7.35E-6
7.3999999999999995E-6
7.45E-6
7.499999999999999E-6
7.55E-6
7.6E-6
7.65E-6
7.699999999999999E-6
7.75E-6
7.8E-6
7.85E-6
7.899999999999999E-6
7.95E-6
8.0E-6
8.05E-6
8.1E-6
8.15E-6
8.2E-6
8.249999999999999E-6
8.3E-6
8.35E-6
8.4E-6
8.45E-6
8.5E-6
8.55E-6
8.599999999999999E-6
8.65E-6
8.7E-6
8.75E-6
8.8E-6
8.85E-6
8.9E-6
8.949999999999999E-6
9.0E-6
9.05E-6
9.1E-6
9.149999999999999E-6
9.2E-6
9.25E-6
9.299999999999999E-6
9.35E-6
9.4E-6
9.45E-6
9.499999999999999E-6
9.55E-6
9.6E-6
9.649999999999999E-6
9.7E-6
9.75E-6
9.8E-6
9.849999999999999E-6
9.9E-6
9.95E-6
9.999999999999999E-6
1.005E-5
1.01E-5
1.015E-5
1.0199999999999999E-5
1.025E-5
1.03E-5
1.035E-5
1.0399999999999999E-5
1.045E-5
1.05E-5
1.0549999999999999E-5
1.06E-5
1.065E-5
1.07E-5
1.0749999999999999E-5
1.08E-5
1.085E-5
1.0899999999999999E-5
1.095E-5
1.1E-5
1.105E-5
1.1099999999999999E-5
1.115E-5
1.12E-5
1.1249999999999999E-5
1.13E-5
1.135E-5
1.14E-5
1.1449999999999999E-5
1.15E-5
1.155E-5
1.1599999999999999E-5
1.165E-5
1.17E-5
1.175E-5
1.1799999999999999E-5
1.185E-5
1.19E-5
1.1949999999999999E-5
1.2E-5
1.205E-5
1.21E-5
1.2149999999999999E-5
1.22E-5
1.225E-5
1.2299999999999999E-5
1.2349999999999999E-5
1.24E-5
1.245E-5
1.2499999999999999E-5
1.255E-5
1.26E-5
1.265E-5
1.2699999999999999E-5
1.275E-5
1.28E-5
1.2849999999999999E-5
1.29E-5
1.295E-5
1.3E-5
1.3049999999999999E-5
1.31E-5
1.315E-5
1.3199999999999999E-5
1.325E-5
1.33E-5
1.335E-5
1.3399999999999999E-5
1.345E-5
1.35E-5
1.3549999999999999E-5
1.3599999999999999E-5
1.365E-5
1.37E-5
1.3749999999999999E-5
1.38E-5
1.385E-5
1.3899999999999999E-5
1.3949999999999999E-5
1.4E-5
1.405E-5
1.4099999999999999E-5
1.415E-5
1.42E-5
1.4249999999999999E-5
1.4299999999999999E-5
1.435E-5
1.44E-5
1.4449999999999999E-5
1.45E-5
1.455E-5
1.4599999999999999E-5
1.4649999999999999E-5
1.47E-5
1.475E-5
1.4799999999999999E-5
1.485E-5
1.49E-5
1.495E-5
1.4999999999999999E-5
1.505E-5
1.51E-5
1.5149999999999999E-5
1.52E-5
1.525E-5
1.53E-5
1.535E-5
1.5399999999999998E-5
1.545E-5
1.55E-5
1.555E-5
1.56E-5
1.565E-5
1.57E-5
1.575E-5
1.5799999999999998E-5
1.585E-5
1.59E-5
1.5949999999999998E-5
1.6E-5
1.605E-5
1.61E-5
1.615E-5
1.62E-5
1.625E-5
1.63E-5
1.6349999999999998E-5
1.64E-5
1.645E-5
1.6499999999999998E-5
1.655E-5
1.66E-5
1.6649999999999998E-5
1.67E-5
1.675E-5
1.68E-5
1.685E-5
1.69E-5
1.695E-5
1.7E-5
1.7049999999999998E-5
1.71E-5
1.715E-5
1.7199999999999998E-5
1.725E-5
1.73E-5
1.7349999999999998E-5
1.74E-5
1.745E-5
1.75E-5
1.755E-5
1.76E-5
1.765E-5
1.77E-5
1.7749999999999998E-5
1.78E-5
1.785E-5
1.7899999999999998E-5
1.795E-5
1.8E-5
1.8049999999999998E-5
1.81E-5
1.815E-5
1.82E-5
1.825E-5
1.8299999999999998E-5
1.835E-5
1.84E-5
1.8449999999999998E-5
1.85E-5
1.855E-5
1.8599999999999998E-5
1.865E-5
1.87E-5
1.875E-5
1.88E-5
1.885E-5
1.89E-5
1.895E-5
1.8999999999999998E-5
1.905E-5
1.91E-5
1.9149999999999998E-5
1.92E-5
1.925E-5
1.9299999999999998E-5
1.935E-5
1.94E-5
1.945E-5
1.95E-5
1.9549999999999997E-5
1.96E-5
1.965E-5
1.9699999999999998E-5
1.975E-5
1.98E-5
1.9849999999999998E-5
1.99E-5
1.995E-5
1.9999999999999998E-5
2.005E-5
2.01E-5
2.015E-5
2.02E-5
2.0249999999999998E-5
2.03E-5
2.035E-5
2.0399999999999998E-5
2.045E-5
2.05E-5
2.0549999999999998E-5
2.06E-5
2.065E-5
2.07E-5
2.075E-5
2.0799999999999997E-5
2.085E-5
2.09E-5
2.0949999999999998E-5
2.1E-5
2.105E-5
2.1099999999999998E-5
2.115E-5
2.12E-5
2.1249999999999998E-5
2.13E-5
2.135E-5
2.14E-5
2.145E-5
2.1499999999999997E-5
2.155E-5
2.16E-5
2.1649999999999998E-5
2.17E-5
2.175E-5
2.1799999999999998E-5
2.185E-5
2.19E-5
2.1949999999999998E-5
2.2E-5
2.205E-5
2.21E-5
2.215E-5
2.2199999999999998E-5
2.225E-5
2.23E-5
2.2349999999999998E-5
2.24E-5
2.245E-5
2.2499999999999998E-5
2.255E-5
2.26E-5
2.2649999999999998E-5
2.27E-5
2.2749999999999997E-5
2.28E-5
2.285E-5
2.2899999999999998E-5
2.295E-5
2.3E-5
2.3049999999999998E-5
2.31E-5
2.315E-5
2.3199999999999998E-5
2.325E-5
2.33E-5
2.335E-5
2.34E-5
2.3449999999999997E-5
2.35E-5
2.355E-5
2.3599999999999998E-5
2.365E-5
2.37E-5
2.3749999999999998E-5
2.38E-5
2.385E-5
2.3899999999999998E-5
2.395E-5
2.4E-5
2.405E-5
2.41E-5
2.4149999999999997E-5
2.42E-5
2.425E-5
2.4299999999999998E-5
2.435E-5
2.44E-5
2.4449999999999998E-5
2.45E-5
2.455E-5
2.4599999999999998E-5
2.465E-5
2.4699999999999997E-5
2.475E-5
2.48E-5
2.4849999999999998E-5
2.49E-5
2.495E-5
2.4999999999999998E-5
2.505E-5
2.51E-5
2.5149999999999998E-5
2.52E-5
2.525E-5
2.53E-5
2.535E-5
2.5399999999999997E-5
2.545E-5
2.55E-5
2.5549999999999998E-5
2.56E-5
2.565E-5
2.5699999999999998E-5
2.575E-5
2.58E-5
2.5849999999999998E-5
2.59E-5
2.5949999999999997E-5
2.6E-5
2.605E-5
2.6099999999999997E-5
2.615E-5
2.62E-5
2.6249999999999998E-5
2.63E-5
2.635E-5
2.6399999999999998E-5
2.645E-5
2.65E-5
2.6549999999999998E-5
2.66E-5
2.6649999999999997E-5
2.67E-5
2.675E-5
2.6799999999999998E-5
2.685E-5
2.69E-5
2.6949999999999998E-5
2.7E-5
2.705E-5
2.7099999999999998E-5
2.715E-5
2.7199999999999997E-5
2.7249999999999998E-5
2.73E-5
2.7349999999999997E-5
2.74E-5
2.745E-5
2.7499999999999998E-5
2.755E-5
2.76E-5
2.7649999999999998E-5
2.77E-5
2.775E-5
2.7799999999999998E-5
2.785E-5
2.7899999999999997E-5
2.795E-5
2.8E-5
2.8049999999999997E-5
2.81E-5
2.815E-5
2.8199999999999998E-5
2.825E-5
2.83E-5
2.8349999999999998E-5
2.84E-5
2.845E-5
2.8499999999999998E-5
2.855E-5
2.8599999999999997E-5
2.865E-5
2.87E-5
2.8749999999999997E-5
2.88E-5
2.885E-5
2.8899999999999998E-5
2.895E-5
2.9E-5
2.9049999999999998E-5
2.91E-5
2.9149999999999997E-5
2.9199999999999998E-5
2.925E-5
2.9299999999999997E-5
2.935E-5
2.94E-5
2.9449999999999998E-5
2.95E-5
2.955E-5
2.9599999999999998E-5
2.965E-5
2.97E-5
2.9749999999999998E-5
2.98E-5
2.9849999999999997E-5
2.99E-5
2.995E-5
2.9999999999999997E-5
3.005E-5
3.01E-5
3.0149999999999998E-5
3.02E-5
3.025E-5
3.0299999999999998E-5
3.035E-5
3.04E-5
3.0449999999999998E-5
3.05E-5
3.055E-5
3.06E-5
3.065E-5
3.07E-5
3.0749999999999995E-5
3.0799999999999996E-5
3.085E-5
3.09E-5
3.095E-5
3.1E-5
3.1049999999999996E-5
3.11E-5
3.115E-5
3.12E-5
3.125E-5
3.13E-5
3.1349999999999996E-5
3.14E-5
3.145E-5
3.15E-5
3.155E-5
3.1599999999999996E-5
3.165E-5
3.17E-5
3.175E-5
3.18E-5
3.185E-5
3.1899999999999996E-5
3.195E-5
3.2E-5
3.205E-5
3.21E-5
3.2149999999999995E-5
3.22E-5
3.225E-5
3.23E-5
3.235E-5
3.24E-5
3.2449999999999996E-5
3.25E-5
3.255E-5
3.26E-5
3.265E-5
3.2699999999999995E-5
3.2749999999999996E-5
3.28E-5
3.285E-5
3.29E-5
3.295E-5
3.2999999999999996E-5
3.305E-5
3.31E-5
3.315E-5
3.32E-5
3.325E-5
3.3299999999999996E-5
3.335E-5
3.34E-5
3.345E-5
3.35E-5
3.3549999999999996E-5
3.36E-5
3.365E-5
3.37E-5
3.375E-5
3.38E-5
3.3849999999999996E-5
3.39E-5
3.395E-5
3.4E-5
3.405E-5
3.4099999999999995E-5
3.4149999999999997E-5
3.42E-5
3.425E-5
3.43E-5
3.435E-5
3.4399999999999996E-5
3.445E-5
3.45E-5
3.455E-5
3.46E-5
3.4649999999999995E-5
3.4699999999999996E-5
3.475E-5
3.48E-5
3.485E-5
3.49E-5
3.4949999999999996E-5
3.5E-5
3.505E-5
3.51E-5
3.515E-5
3.52E-5
3.5249999999999996E-5
3.53E-5
3.535E-5
3.54E-5
3.545E-5
3.5499999999999996E-5
3.555E-5
3.56E-5
3.565E-5
3.57E-5
3.575E-5
3.5799999999999996E-5
3.585E-5
3.59E-5
3.595E-5
3.6E-5
3.6049999999999995E-5
3.6099999999999997E-5
3.615E-5
3.62E-5
3.625E-5
3.63E-5
3.6349999999999996E-5
3.64E-5
3.645E-5
3.65E-5
3.655E-5
3.6599999999999995E-5
3.6649999999999996E-5
3.67E-5
3.675E-5
3.68E-5
3.685E-5
3.6899999999999996E-5
3.695E-5
3.7E-5
3.705E-5
3.71E-5
3.7149999999999995E-5
3.7199999999999996E-5
3.725E-5
3.73E-5
3.735E-5
3.74E-5
3.7449999999999995E-5
3.75E-5
3.755E-5
3.76E-5
3.765E-5
3.77E-5
3.7749999999999996E-5
3.78E-5
3.785E-5
3.79E-5
3.795E-5
3.7999999999999995E-5
3.8049999999999997E-5
3.81E-5
3.815E-5
3.82E-5
3.825E-5
3.8299999999999996E-5
3.835E-5
3.84E-5
3.845E-5
3.85E-5
3.8549999999999995E-5
3.8599999999999996E-5
3.865E-5
3.87E-5
3.875E-5
3.88E-5
3.8849999999999996E-5
3.89E-5
3.895E-5
3.9E-5
3.905E-5
3.9099999999999995E-5
3.9149999999999996E-5
3.92E-5
3.925E-5
3.93E-5
3.935E-5
3.9399999999999995E-5
3.945E-5
3.95E-5
3.955E-5
3.96E-5
3.965E-5
3.9699999999999996E-5
3.975E-5
3.98E-5
3.985E-5
3.99E-5
3.9949999999999995E-5
3.9999999999999996E-5
4.005E-5
4.01E-5
4.015E-5
4.02E-5
4.0249999999999996E-5
4.03E-5
4.035E-5
4.04E-5
4.045E-5
4.0499999999999995E-5
4.0549999999999996E-5
4.06E-5
4.065E-5
4.07E-5
4.075E-5
4.0799999999999996E-5
4.085E-5
4.09E-5
4.095E-5
4.1E-5
4.1049999999999995E-5
4.1099999999999996E-5
4.115E-5
4.12E-5
4.125E-5
4.13E-5
4.1349999999999995E-5
4.14E-5
4.145E-5
4.15E-5
4.155E-5
4.1599999999999995E-5
4.1649999999999996E-5
4.17E-5
4.175E-5
4.18E-5
4.185E-5
4.1899999999999995E-5
4.1949999999999996E-5
4.2E-5
4.205E-5
4.21E-5
4.215E-5
4.2199999999999996E-5
4.225E-5
4.23E-5
4.235E-5
4.24E-5
4.2449999999999995E-5
4.2499999999999996E-5
4.255E-5
4.26E-5
4.265E-5
4.27E-5
4.2749999999999996E-5
4.28E-5
4.285E-5
4.29E-5
4.295E-5
4.2999999999999995E-5
4.3049999999999996E-5
4.31E-5
4.315E-5
4.32E-5
4.325E-5
4.3299999999999995E-5
4.3349999999999997E-5
4.34E-5
4.345E-5
4.35E-5
4.3549999999999995E-5
4.3599999999999996E-5
4.365E-5
4.37E-5
4.375E-5
4.38E-5
4.3849999999999995E-5
4.3899999999999996E-5
4.395E-5
4.4E-5
4.405E-5
4.41E-5
4.4149999999999996E-5
4.42E-5
4.425E-5
4.43E-5
4.435E-5
4.4399999999999995E-5
4.4449999999999996E-5
4.45E-5
4.455E-5
4.46E-5
4.465E-5
4.4699999999999996E-5
4.475E-5
4.48E-5
4.485E-5
4.49E-5
4.4949999999999995E-5
4.4999999999999996E-5
4.505E-5
4.51E-5
4.515E-5
4.52E-5
4.5249999999999995E-5
4.5299999999999997E-5
4.535E-5
4.54E-5
4.545E-5
4.5499999999999995E-5
4.5549999999999996E-5
4.56E-5
4.565E-5
4.57E-5
4.575E-5
4.5799999999999995E-5
4.5849999999999996E-5
4.59E-5
4.595E-5
4.6E-5
4.605E-5
4.6099999999999996E-5
4.615E-5
4.62E-5
4.625E-5
4.63E-5
4.6349999999999995E-5
4.6399999999999996E-5
4.645E-5
4.65E-5
4.655E-5
4.66E-5
4.6649999999999996E-5
4.67E-5
4.675E-5
4.68E-5
4.685E-5
4.6899999999999995E-5
4.6949999999999996E-5
4.7E-5
4.705E-5
4.71E-5
4.715E-5
4.7199999999999995E-5
4.7249999999999997E-5
4.73E-5
4.735E-5
4.74E-5
4.7449999999999995E-5
4.7499999999999996E-5
4.755E-5
4.76E-5
4.765E-5
4.77E-5
4.7749999999999995E-5
4.7799999999999996E-5
4.785E-5
4.79E-5
4.795E-5
4.8E-5
4.8049999999999996E-5
4.81E-5
4.815E-5
4.82E-5
4.825E-5
4.8299999999999995E-5
4.8349999999999996E-5
4.84E-5
4.845E-5
4.85E-5
4.855E-5
4.8599999999999995E-5
4.865E-5
4.87E-5
4.875E-5
4.88E-5
4.8849999999999995E-5
4.8899999999999996E-5
4.895E-5
4.9E-5
4.905E-5
4.91E-5
4.9149999999999995E-5
4.9199999999999997E-5
4.925E-5
4.93E-5
4.935E-5
4.9399999999999995E-5
4.9449999999999996E-5
4.95E-5
4.955E-5
4.96E-5
4.965E-5
4.9699999999999995E-5
4.9749999999999996E-5
4.98E-5
4.985E-5
4.99E-5
4.9949999999999994E-5
4.9999999999999996E-5
5.005E-5
5.01E-5
5.015E-5
5.02E-5
5.0249999999999995E-5
5.0299999999999996E-5
5.035E-5
5.04E-5
5.045E-5
5.05E-5
5.0549999999999995E-5
5.06E-5
5.065E-5
5.07E-5
5.075E-5
5.0799999999999995E-5
5.0849999999999996E-5
5.09E-5
5.095E-5
5.1E-5
5.105E-5
5.1099999999999995E-5
5.1149999999999996E-5
5.12E-5
5.125E-5
5.13E-5
5.1349999999999995E-5
5.1399999999999996E-5
5.145E-5
5.15E-5
5.155E-5
5.16E-5
5.1649999999999995E-5
5.1699999999999996E-5
5.175E-5
5.18E-5
5.185E-5
5.1899999999999994E-5
5.1949999999999996E-5
5.2E-5
5.205E-5
5.21E-5
5.215E-5
5.2199999999999995E-5
5.2249999999999996E-5
5.23E-5
5.235E-5
5.24E-5
5.245E-5
5.2499999999999995E-5
5.255E-5
5.26E-5
5.265E-5
5.27E-5
5.2749999999999995E-5
5.2799999999999996E-5
5.285E-5
5.29E-5
5.295E-5
5.3E-5
5.3049999999999995E-5
5.3099999999999996E-5
5.315E-5
5.32E-5
5.325E-5
5.3299999999999995E-5
5.3349999999999996E-5
5.34E-5
5.345E-5
5.35E-5
5.355E-5
5.3599999999999995E-5
5.3649999999999996E-5
5.37E-5
5.375E-5
5.38E-5
5.3849999999999994E-5
5.3899999999999996E-5
5.395E-5
5.4E-5
5.405E-5
5.41E-5
5.4149999999999995E-5
5.4199999999999996E-5
5.425E-5
5.43E-5
5.435E-5
5.4399999999999994E-5
5.4449999999999995E-5
5.4499999999999997E-5
5.455E-5
5.46E-5
5.465E-5
5.4699999999999995E-5
5.4749999999999996E-5
5.48E-5
5.485E-5
5.49E-5
5.495E-5
5.4999999999999995E-5
5.5049999999999996E-5
5.51E-5
5.515E-5
5.52E-5
5.5249999999999994E-5
5.5299999999999996E-5
5.535E-5
5.54E-5
5.545E-5
5.55E-5
5.5549999999999995E-5
5.5599999999999996E-5
5.565E-5
5.57E-5
5.575E-5
5.5799999999999994E-5
5.5849999999999996E-5
5.59E-5
5.595E-5
5.6E-5
5.605E-5
5.6099999999999995E-5
5.6149999999999996E-5
5.62E-5
5.625E-5
5.63E-5
5.6349999999999994E-5
5.6399999999999995E-5
5.6449999999999997E-5
5.65E-5
5.655E-5
5.66E-5
5.6649999999999995E-5
5.6699999999999996E-5
5.675E-5
5.68E-5
5.685E-5
5.69E-5
5.6949999999999995E-5
5.6999999999999996E-5
5.705E-5
5.71E-5
5.715E-5
5.7199999999999994E-5
5.7249999999999996E-5
5.73E-5
5.735E-5
5.74E-5
5.745E-5
5.7499999999999995E-5
5.7549999999999996E-5
5.76E-5
5.765E-5
5.77E-5
5.7749999999999994E-5
5.7799999999999995E-5
5.785E-5
5.79E-5
5.795E-5
5.8E-5
5.8049999999999995E-5
5.8099999999999996E-5
5.815E-5
5.82E-5
5.825E-5
5.8299999999999994E-5
5.8349999999999995E-5
5.8399999999999997E-5
5.845E-5
5.85E-5
5.855E-5
5.8599999999999995E-5
5.8649999999999996E-5
5.87E-5
5.875E-5
5.88E-5
5.885E-5
5.8899999999999995E-5
5.8949999999999996E-5
5.9E-5
5.905E-5
5.91E-5
5.9149999999999994E-5
5.9199999999999996E-5
5.925E-5
5.93E-5
5.935E-5
5.94E-5
5.9449999999999995E-5
5.9499999999999996E-5
5.955E-5
5.96E-5
5.965E-5
5.9699999999999994E-5
5.9749999999999995E-5
5.98E-5
5.985E-5
5.99E-5
5.995E-5
5.9999999999999995E-5
6.0049999999999996E-5
6.01E-5
6.015E-5
6.02E-5
6.0249999999999994E-5
6.0299999999999995E-5
6.0349999999999996E-5
6.04E-5
6.045E-5
6.05E-5
6.0549999999999995E-5
6.0599999999999996E-5
6.065E-5
6.07E-5
6.075E-5
6.08E-5
6.0849999999999995E-5
6.0899999999999996E-5
6.095E-5
6.1E-5
6.104999999999999E-5
6.11E-5
6.115E-5
6.12E-5
6.125E-5
6.13E-5
6.135E-5
6.14E-5
6.145E-5
6.149999999999999E-5
6.154999999999999E-5
6.159999999999999E-5
6.165E-5
6.17E-5
6.175E-5
6.18E-5
6.185E-5
6.19E-5
6.195E-5
6.2E-5
6.205E-5
6.209999999999999E-5
6.214999999999999E-5
6.22E-5
6.225E-5
6.23E-5
6.235E-5
6.24E-5
6.245E-5
6.25E-5
6.255E-5
6.26E-5
6.264999999999999E-5
6.269999999999999E-5
6.275E-5
6.28E-5
6.285E-5
6.29E-5
6.295E-5
6.3E-5
6.305E-5
6.31E-5
6.315E-5
6.319999999999999E-5
6.324999999999999E-5
6.33E-5
6.335E-5
6.34E-5
6.345E-5
6.35E-5
6.355E-5
6.36E-5
6.365E-5
6.37E-5
6.374999999999999E-5
6.379999999999999E-5
6.385E-5
6.39E-5
6.395E-5
6.4E-5
6.405E-5
6.41E-5
6.415E-5
6.42E-5
6.425E-5
6.429999999999999E-5
6.434999999999999E-5
6.44E-5
6.445E-5
6.45E-5
6.455E-5
6.46E-5
6.465E-5
6.47E-5
6.475E-5
6.48E-5
6.484999999999999E-5
6.489999999999999E-5
6.494999999999999E-5
6.5E-5
6.505E-5
6.51E-5
6.515E-5
6.52E-5
6.525E-5
6.53E-5
6.535E-5
6.539999999999999E-5
6.544999999999999E-5
6.549999999999999E-5
6.555E-5
6.56E-5
6.565E-5
6.57E-5
6.575E-5
6.58E-5
6.585E-5
6.59E-5
6.594999999999999E-5
6.599999999999999E-5
6.604999999999999E-5
6.61E-5
6.615E-5
6.62E-5
6.625E-5
6.63E-5
6.635E-5
6.64E-5
6.645E-5
6.65E-5
6.654999999999999E-5
6.659999999999999E-5
6.665E-5
6.67E-5
6.675E-5
6.68E-5
6.685E-5
6.69E-5
6.695E-5
6.7E-5
6.705E-5
6.709999999999999E-5
6.714999999999999E-5
6.72E-5
6.725E-5
6.73E-5
6.735E-5
6.74E-5
6.745E-5
6.75E-5
6.755E-5
6.76E-5
6.764999999999999E-5
6.769999999999999E-5
6.775E-5
6.78E-5
6.785E-5
6.79E-5
6.795E-5
6.8E-5
6.805E-5
6.81E-5
6.815E-5
6.819999999999999E-5
6.824999999999999E-5
6.829999999999999E-5
6.835E-5
6.84E-5
6.845E-5
6.85E-5
6.855E-5
6.86E-5
6.865E-5
6.87E-5
6.874999999999999E-5
6.879999999999999E-5
6.884999999999999E-5
6.89E-5
6.895E-5
6.9E-5
6.905E-5
6.91E-5
6.915E-5
6.92E-5
6.925E-5
6.929999999999999E-5
6.934999999999999E-5
6.939999999999999E-5
6.945E-5
6.95E-5
6.955E-5
6.96E-5
6.965E-5
6.97E-5
6.975E-5
6.98E-5
6.984999999999999E-5
6.989999999999999E-5
6.994999999999999E-5
7.0E-5
7.005E-5
7.01E-5
7.015E-5
7.02E-5
7.025E-5
7.03E-5
7.035E-5
7.04E-5
7.044999999999999E-5
7.049999999999999E-5
7.055E-5
7.06E-5
7.065E-5
7.07E-5
7.075E-5
7.08E-5
7.085E-5
7.09E-5
7.095E-5
7.099999999999999E-5
7.104999999999999E-5
7.11E-5
7.115E-5
7.12E-5
7.125E-5
7.13E-5
7.135E-5
7.14E-5
7.145E-5
7.15E-5
7.154999999999999E-5
7.159999999999999E-5
7.165E-5
7.17E-5
7.175E-5
7.18E-5
7.185E-5
7.19E-5
7.195E-5
7.2E-5
7.205E-5
7.209999999999999E-5
7.214999999999999E-5
7.219999999999999E-5
7.225E-5
7.23E-5
7.235E-5
7.24E-5
7.245E-5
7.25E-5
7.255E-5
7.26E-5
7.264999999999999E-5
7.269999999999999E-5
7.274999999999999E-5
7.28E-5
7.285E-5
7.29E-5
7.295E-5
7.3E-5
7.305E-5
7.31E-5
7.315E-5
7.319999999999999E-5
7.324999999999999E-5
7.329999999999999E-5
7.335E-5
7.34E-5
7.345E-5
7.35E-5
7.355E-5
7.36E-5
7.365E-5
7.37E-5
7.374999999999999E-5
7.379999999999999E-5
7.384999999999999E-5
7.39E-5
7.395E-5
7.4E-5
7.405E-5
7.41E-5
7.415E-5
7.42E-5
7.425E-5
7.429999999999999E-5
7.434999999999999E-5
7.439999999999999E-5
7.445E-5
7.45E-5
7.455E-5
7.46E-5
7.465E-5
7.47E-5
7.475E-5
7.48E-5
7.485E-5
7.489999999999999E-5
7.494999999999999E-5
7.5E-5
7.505E-5
7.51E-5
7.515E-5
7.52E-5
7.525E-5
7.53E-5
7.535E-5
7.54E-5
7.544999999999999E-5
7.549999999999999E-5
7.555E-5
7.56E-5
7.565E-5
7.57E-5
7.575E-5
7.58E-5
7.585E-5
7.59E-5
7.595E-5
7.599999999999999E-5
7.604999999999999E-5
7.609999999999999E-5
7.615E-5
7.62E-5
7.625E-5
7.63E-5
7.635E-5
7.64E-5
7.645E-5
7.65E-5
7.654999999999999E-5
7.659999999999999E-5
7.664999999999999E-5
7.67E-5
7.675E-5
7.68E-5
7.685E-5
7.69E-5
7.695E-5
7.7E-5
7.705E-5
7.709999999999999E-5
7.714999999999999E-5
7.719999999999999E-5
7.725E-5
7.73E-5
7.735E-5
7.74E-5
7.745E-5
7.75E-5
7.755E-5
7.76E-5
7.764999999999999E-5
7.769999999999999E-5
7.774999999999999E-5
7.78E-5
7.785E-5
7.79E-5
7.795E-5
7.8E-5
7.805E-5
7.81E-5
7.815E-5
7.819999999999999E-5
7.824999999999999E-5
7.829999999999999E-5
7.835E-5
7.84E-5
7.845E-5
7.85E-5
7.855E-5
7.86E-5
7.865E-5
7.87E-5
7.874999999999999E-5
7.879999999999999E-5
7.884999999999999E-5
7.89E-5
7.895E-5
7.9E-5
7.905E-5
7.91E-5
7.915E-5
7.92E-5
7.925E-5
7.93E-5
7.934999999999999E-5
7.939999999999999E-5
7.944999999999999E-5
7.95E-5
7.955E-5
7.96E-5
7.965E-5
7.97E-5
7.975E-5
7.98E-5
7.985E-5
7.989999999999999E-5
7.994999999999999E-5
7.999999999999999E-5
% Elements (lines)
1          2
2          3
3          4
4          5
5          6
6          7
7          8
8          9
9          10
10         11
11         12
12         13
13         14
14         15
15         16
16         17
17         18
18         19
19         20
20         21
21         22
22         23
23         24
24         25
25         26
26         27
27         28
28         29
29         30
30         31
31         32
32         33
33         34
34         35
35         36
36         37
37         38
38         39
39         40
40         41
41         42
42         43
43         44
44         45
45         46
46         47
47         48
48         49
49         50
50         51
51         52
52         53
53         54
54         55
55         56
56         57
57         58
58         59
59         60
60         61
61         62
62         63
63         64
64         65
65         66
66         67
67         68
68         69
69         70
70         71
71         72
72         73
73         74
74         75
75         76
76         77
77         78
78         79
79         80
80         81
81         82
82         83
83         84
84         85
85         86
86         87
87         88
88         89
89         90
90         91
91         92
92         93
93         94
94         95
95         96
96         97
97         98
98         99
99         100
100        101
101        102
102        103
103        104
104        105
105        106
106        107
107        108
108        109
109        110
110        111
111        112
112        113
113        114
114        115
115        116
116        117
117        118
118        119
119        120
120        121
121        122
122        123
123        124
124        125
125        126
126        127
127        128
128        129
129        130
130        131
131        132
132        133
133        134
134        135
135        136
136        137
137        138
138        139
139        140
140        141
141        142
142        143
143        144
144        145
145        146
146        147
147        148
148        149
149        150
150        151
151        152
152        153
153        154
154        155
155        156
156        157
157        158
158        159
159        160
160        161
161        162
162        163
163        164
164        165
165        166
166        167
167        168
168        169
169        170
170        171
171        172
172        173
173        174
174        175
175        176
176        177
177        178
178        179
179        180
180        181
181        182
182        183
183        184
184        185
185        186
186        187
187        188
188        189
189        190
190        191
191        192
192        193
193        194
194        195
195        196
196        197
197        198
198        199
199        200
200        201
201        202
202        203
203        204
204        205
205        206
206        207
207        208
208        209
209        210
210        211
211        212
212        213
213        214
214        215
215        216
216        217
217        218
218        219
219        220
220        221
221        222
222        223
223        224
224        225
225        226
226        227
227        228
228        229
229        230
230        231
231        232
232        233
233        234
234        235
235        236
236        237
237        238
238        239
239        240
240        241
241        242
242        243
243        244
244        245
245        246
246        247
247        248
248        249
249        250
250        251
251        252
252        253
253        254
254        255
255        256
256        257
257        258
258        259
259        260
260        261
261        262
262        263
263        264
264        265
265        266
266        267
267        268
268        269
269        270
270        271
271        272
272        273
273        274
274        275
275        276
276        277
277        278
278        279
279        280
280        281
281        282
282        283
283        284
284        285
285        286
286        287
287        288
288        289
289        290
290        291
291        292
292        293
293        294
294        295
295        296
296        297
297        298
298        299
299        300
300        301
301        302
302        303
303        304
304        305
305        306
306        307
307        308
308        309
309        310
310        311
311        312
312        313
313        314
314        315
315        316
316        317
317        318
318        319
319        320
320        321
321        322
322        323
323        324
324        325
325        326
326        327
327        328
328        329
329        330
330        331
331        332
332        333
333        334
334        335
335        336
336        337
337        338
338        339
339        340
340        341
341        342
342        343
343        344
344        345
345        346
346        347
347        348
348        349
349        350
350        351
351        352
352        353
353        354
354        355
355        356
356        357
357        358
358        359
359        360
360        361
361        362
362        363
363        364
364        365
365        366
366        367
367        368
368        369
369        370
370        371
371        372
372        373
373        374
374        375
375        376
376        377
377        378
378        379
379        380
380        381
381        382
382        383
383        384
384        385
385        386
386        387
387        388
388        389
389        390
390        391
391        392
392        393
393        394
394        395
395        396
396        397
397        398
398        399
399        400
400        401
401        402
402        403
403        404
404        405
405        406
406        407
407        408
408        409
409        410
410        411
411        412
412        413
413        414
414        415
415        416
416        417
417        418
418        419
419        420
420        421
421        422
422        423
423        424
424        425
425        426
426        427
427        428
428        429
429        430
430        431
431        432
432        433
433        434
434        435
435        436
436        437
437        438
438        439
439        440
440        441
441        442
442        443
443        444
444        445
445        446
446        447
447        448
448        449
449        450
450        451
451        452
452        453
453        454
454        455
455        456
456        457
457        458
458        459
459        460
460        461
461        462
462        463
463        464
464        465
465        466
466        467
467        468
468        469
469        470
470        471
471        472
472        473
473        474
474        475
475        476
476        477
477        478
478        479
479        480
480        481
481        482
482        483
483        484
484        485
485        486
486        487
487        488
488        489
489        490
490        491
491        492
492        493
493        494
494        495
495        496
496        497
497        498
498        499
499        500
500        501
501        502
502        503
503        504
504        505
505        506
506        507
507        508
508        509
509        510
510        511
511        512
512        513
513        514
514        515
515        516
516        517
517        518
518        519
519        520
520        521
521        522
522        523
523        524
524        525
525        526
526        527
527        528
528        529
529        530
530        531
531        532
532        533
533        534
534        535
535        536
536        537
537        538
538        539
539        540
540        541
541        542
542        543
543        544
544        545
545        546
546        547
547        548
548        549
549        550
550        551
551        552
552        553
553        554
554        555
555        556
556        557
557        558
558        559
559        560
560        561
561        562
562        563
563        564
564        565
565        566
566        567
567        568
568        569
569        570
570        571
571        572
572        573
573        574
574        575
575        576
576        577
577        578
578        579
579        580
580        581
581        582
582        583
583        584
584        585
585        586
586        587
587        588
588        589
589        590
590        591
591        592
592        593
593        594
594        595
595        596
596        597
597        598
598        599
599        600
600        601
601        602
602        603
603        604
604        605
605        606
606        607
607        608
608        609
609        610
610        611
611        612
612        613
613        614
614        615
615        616
616        617
617        618
618        619
619        620
620        621
621        622
622        623
623        624
624        625
625        626
626        627
627        628
628        629
629        630
630        631
631        632
632        633
633        634
634        635
635        636
636        637
637        638
638        639
639        640
640        641
641        642
642        643
643        644
644        645
645        646
646        647
647        648
648        649
649        650
650        651
651        652
652        653
653        654
654        655
655        656
656        657
657        658
658        659
659        660
660        661
661        662
662        663
663        664
664        665
665        666
666        667
667        668
668        669
669        670
670        671
671        672
672        673
673        674
674        675
675        676
676        677
677        678
678        679
679        680
680        681
681        682
682        683
683        684
684        685
685        686
686        687
687        688
688        689
689        690
690        691
691        692
692        693
693        694
694        695
695        696
696        697
697        698
698        699
699        700
700        701
701        702
702        703
703        704
704        705
705        706
706        707
707        708
708        709
709        710
710        711
711        712
712        713
713        714
714        715
715        716
716        717
717        718
718        719
719        720
720        721
721        722
722        723
723        724
724        725
725        726
726        727
727        728
728        729
729        730
730        731
731        732
732        733
733        734
734        735
735        736
736        737
737        738
738        739
739        740
740        741
741        742
742        743
743        744
744        745
745        746
746        747
747        748
748        749
749        750
750        751
751        752
752        753
753        754
754        755
755        756
756        757
757        758
758        759
759        760
760        761
761        762
762        763
763        764
764        765
765        766
766        767
767        768
768        769
769        770
770        771
771        772
772        773
773        774
774        775
775        776
776        777
777        778
778        779
779        780
780        781
781        782
782        783
783        784
784        785
785        786
786        787
787        788
788        789
789        790
790        791
791        792
792        793
793        794
794        795
795        796
796        797
797        798
798        799
799        800
800        801
801        802
802        803
803        804
804        805
805        806
806        807
807        808
808        809
809        810
810        811
811        812
812        813
813        814
814        815
815        816
816        817
817        818
818        819
819        820
820        821
821        822
822        823
823        824
824        825
825        826
826        827
827        828
828        829
829        830
830        831
831        832
832        833
833        834
834        835
835        836
836        837
837        838
838        839
839        840
840        841
841        842
842        843
843        844
844        845
845        846
846        847
847        848
848        849
849        850
850        851
851        852
852        853
853        854
854        855
855        856
856        857
857        858
858        859
859        860
860        861
861        862
862        863
863        864
864        865
865        866
866        867
867        868
868        869
869        870
870        871
871        872
872        873
873        874
874        875
875        876
876        877
877        878
878        879
879        880
880        881
881        882
882        883
883        884
884        885
885        886
886        887
887        888
888        889
889        890
890        891
891        892
892        893
893        894
894        895
895        896
896        897
897        898
898        899
899        900
900        901
901        902
902        903
903        904
904        905
905        906
906        907
907        908
908        909
909        910
910        911
911        912
912        913
913        914
914        915
915        916
916        917
917        918
918        919
919        920
920        921
921        922
922        923
923        924
924        925
925        926
926        927
927        928
928        929
929        930
930        931
931        932
932        933
933        934
934        935
935        936
936        937
937        938
938        939
939        940
940        941
941        942
942        943
943        944
944        945
945        946
946        947
947        948
948        949
949        950
950        951
951        952
952        953
953        954
954        955
955        956
956        957
957        958
958        959
959        960
960        961
961        962
962        963
963        964
964        965
965        966
966        967
967        968
968        969
969        970
970        971
971        972
972        973
973        974
974        975
975        976
976        977
977        978
978        979
979        980
980        981
981        982
982        983
983        984
984        985
985        986
986        987
987        988
988        989
989        990
990        991
991        992
992        993
993        994
994        995
995        996
996        997
997        998
998        999
999        1000
1000       1001
1001       1002
1002       1003
1003       1004
1004       1005
1005       1006
1006       1007
1007       1008
1008       1009
1009       1010
1010       1011
1011       1012
1012       1013
1013       1014
1014       1015
1015       1016
1016       1017
1017       1018
1018       1019
1019       1020
1020       1021
1021       1022
1022       1023
1023       1024
1024       1025
1025       1026
1026       1027
1027       1028
1028       1029
1029       1030
1030       1031
1031       1032
1032       1033
1033       1034
1034       1035
1035       1036
1036       1037
1037       1038
1038       1039
1039       1040
1040       1041
1041       1042
1042       1043
1043       1044
1044       1045
1045       1046
1046       1047
1047       1048
1048       1049
1049       1050
1050       1051
1051       1052
1052       1053
1053       1054
1054       1055
1055       1056
1056       1057
1057       1058
1058       1059
1059       1060
1060       1061
1061       1062
1062       1063
1063       1064
1064       1065
1065       1066
1066       1067
1067       1068
1068       1069
1069       1070
1070       1071
1071       1072
1072       1073
1073       1074
1074       1075
1075       1076
1076       1077
1077       1078
1078       1079
1079       1080
1080       1081
1081       1082
1082       1083
1083       1084
1084       1085
1085       1086
1086       1087
1087       1088
1088       1089
1089       1090
1090       1091
1091       1092
1092       1093
1093       1094
1094       1095
1095       1096
1096       1097
1097       1098
1098       1099
1099       1100
1100       1101
1101       1102
1102       1103
1103       1104
1104       1105
1105       1106
1106       1107
1107       1108
1108       1109
1109       1110
1110       1111
1111       1112
1112       1113
1113       1114
1114       1115
1115       1116
1116       1117
1117       1118
1118       1119
1119       1120
1120       1121
1121       1122
1122       1123
1123       1124
1124       1125
1125       1126
1126       1127
1127       1128
1128       1129
1129       1130
1130       1131
1131       1132
1132       1133
1133       1134
1134       1135
1135       1136
1136       1137
1137       1138
1138       1139
1139       1140
1140       1141
1141       1142
1142       1143
1143       1144
1144       1145
1145       1146
1146       1147
1147       1148
1148       1149
1149       1150
1150       1151
1151       1152
1152       1153
1153       1154
1154       1155
1155       1156
1156       1157
1157       1158
1158       1159
1159       1160
1160       1161
1161       1162
1162       1163
1163       1164
1164       1165
1165       1166
1166       1167
1167       1168
1168       1169
1169       1170
1170       1171
1171       1172
1172       1173
1173       1174
1174       1175
1175       1176
1176       1177
1177       1178
1178       1179
1179       1180
1180       1181
1181       1182
1182       1183
1183       1184
1184       1185
1185       1186
1186       1187
1187       1188
1188       1189
1189       1190
1190       1191
1191       1192
1192       1193
1193       1194
1194       1195
1195       1196
1196       1197
1197       1198
1198       1199
1199       1200
1200       1201
1201       1202
1202       1203
1203       1204
1204       1205
1205       1206
1206       1207
1207       1208
1208       1209
1209       1210
1210       1211
1211       1212
1212       1213
1213       1214
1214       1215
1215       1216
1216       1217
1217       1218
1218       1219
1219       1220
1220       1221
1221       1222
1222       1223
1223       1224
1224       1225
1225       1226
1226       1227
1227       1228
1228       1229
1229       1230
1230       1231
1231       1232
1232       1233
1233       1234
1234       1235
1235       1236
1236       1237
1237       1238
1238       1239
1239       1240
1240       1241
1241       1242
1242       1243
1243       1244
1244       1245
1245       1246
1246       1247
1247       1248
1248       1249
1249       1250
1250       1251
1251       1252
1252       1253
1253       1254
1254       1255
1255       1256
1256       1257
1257       1258
1258       1259
1259       1260
1260       1261
1261       1262
1262       1263
1263       1264
1264       1265
1265       1266
1266       1267
1267       1268
1268       1269
1269       1270
1270       1271
1271       1272
1272       1273
1273       1274
1274       1275
1275       1276
1276       1277
1277       1278
1278       1279
1279       1280
1280       1281
1281       1282
1282       1283
1283       1284
1284       1285
1285       1286
1286       1287
1287       1288
1288       1289
1289       1290
1290       1291
1291       1292
1292       1293
1293       1294
1294       1295
1295       1296
1296       1297
1297       1298
1298       1299
1299       1300
1300       1301
1301       1302
1302       1303
1303       1304
1304       1305
1305       1306
1306       1307
1307       1308
1308       1309
1309       1310
1310       1311
1311       1312
1312       1313
1313       1314
1314       1315
1315       1316
1316       1317
1317       1318
1318       1319
1319       1320
1320       1321
1321       1322
1322       1323
1323       1324
1324       1325
1325       1326
1326       1327
1327       1328
1328       1329
1329       1330
1330       1331
1331       1332
1332       1333
1333       1334
1334       1335
1335       1336
1336       1337
1337       1338
1338       1339
1339       1340
1340       1341
1341       1342
1342       1343
1343       1344
1344       1345
1345       1346
1346       1347
1347       1348
1348       1349
1349       1350
1350       1351
1351       1352
1352       1353
1353       1354
1354       1355
1355       1356
1356       1357
1357       1358
1358       1359
1359       1360
1360       1361
1361       1362
1362       1363
1363       1364
1364       1365
1365       1366
1366       1367
1367       1368
1368       1369
1369       1370
1370       1371
1371       1372
1372       1373
1373       1374
1374       1375
1375       1376
1376       1377
1377       1378
1378       1379
1379       1380
1380       1381
1381       1382
1382       1383
1383       1384
1384       1385
1385       1386
1386       1387
1387       1388
1388       1389
1389       1390
1390       1391
1391       1392
1392       1393
1393       1394
1394       1395
1395       1396
1396       1397
1397       1398
1398       1399
1399       1400
1400       1401
1401       1402
1402       1403
1403       1404
1404       1405
1405       1406
1406       1407
1407       1408
1408       1409
1409       1410
1410       1411
1411       1412
1412       1413
1413       1414
1414       1415
1415       1416
1416       1417
1417       1418
1418       1419
1419       1420
1420       1421
1421       1422
1422       1423
1423       1424
1424       1425
1425       1426
1426       1427
1427       1428
1428       1429
1429       1430
1430       1431
1431       1432
1432       1433
1433       1434
1434       1435
1435       1436
1436       1437
1437       1438
1438       1439
1439       1440
1440       1441
1441       1442
1442       1443
1443       1444
1444       1445
1445       1446
1446       1447
1447       1448
1448       1449
1449       1450
1450       1451
1451       1452
1452       1453
1453       1454
1454       1455
1455       1456
1456       1457
1457       1458
1458       1459
1459       1460
1460       1461
1461       1462
1462       1463
1463       1464
1464       1465
1465       1466
1466       1467
1467       1468
1468       1469
1469       1470
1470       1471
1471       1472
1472       1473
1473       1474
1474       1475
1475       1476
1476       1477
1477       1478
1478       1479
1479       1480
1480       1481
1481       1482
1482       1483
1483       1484
1484       1485
1485       1486
1486       1487
1487       1488
1488       1489
1489       1490
1490       1491
1491       1492
1492       1493
1493       1494
1494       1495
1495       1496
1496       1497
1497       1498
1498       1499
1499       1500
1500       1501
1501       1502
1502       1503
1503       1504
1504       1505
1505       1506
1506       1507
1507       1508
1508       1509
1509       1510
1510       1511
1511       1512
1512       1513
1513       1514
1514       1515
1515       1516
1516       1517
1517       1518
1518       1519
1519       1520
1520       1521
1521       1522
1522       1523
1523       1524
1524       1525
1525       1526
1526       1527
1527       1528
1528       1529
1529       1530
1530       1531
1531       1532
1532       1533
1533       1534
1534       1535
1535       1536
1536       1537
1537       1538
1538       1539
1539       1540
1540       1541
1541       1542
1542       1543
1543       1544
1544       1545
1545       1546
1546       1547
1547       1548
1548       1549
1549       1550
1550       1551
1551       1552
1552       1553
1553       1554
1554       1555
1555       1556
1556       1557
1557       1558
1558       1559
1559       1560
1560       1561
1561       1562
1562       1563
1563       1564
1564       1565
1565       1566
1566       1567
1567       1568
1568       1569
1569       1570
1570       1571
1571       1572
1572       1573
1573       1574
1574       1575
1575       1576
1576       1577
1577       1578
1578       1579
1579       1580
1580       1581
1581       1582
1582       1583
1583       1584
1584       1585
1585       1586
1586       1587
1587       1588
1588       1589
1589       1590
1590       1591
1591       1592
1592       1593
1593       1594
1594       1595
1595       1596
1596       1597
1597       1598
1598       1599
1599       1600
1600       1601
% Data (Height)
0
1.4777828128668326E-82
3.1526033341159083E-82
8.866696877200949E-83
-9.457810002347741E-82
2.5048501764398613E-65
-4.4530669803376407E-66
-2.454753172911069E-64
-8.549888602248072E-64
-1.9411197283977595E-63
-3.5769260519561273E-63
-5.866776588251572E-63
-8.915040094635749E-63
5.344487163028463E-55
1.9952752378172743E-54
4.16870006403261E-54
6.840943703353216E-54
9.91402388878924E-54
1.3432478014414593E-53
1.7396306080229262E-53
2.1805508086233252E-53
2.6660084032426563E-53
3.1960033918809205E-53
3.7705357745381156E-53
4.389605551214243E-53
2.453780755905453E-44
9.651537625780182E-44
2.1347892538928638E-43
3.729746742026552E-43
5.631426824021227E-43
7.737588635258057E-43
1.0048232175737018E-42
1.256335744545812E-42
1.5282964444421357E-42
1.820705317262674E-42
2.1335623630074277E-42
2.4668675816763948E-42
2.8206209732695754E-42
3.194822537786972E-42
3.589472275228581E-42
4.004570185594405E-42
4.440116268884443E-42
4.8961105250986945E-42
5.3725529542371594E-42
5.869443556299844E-42
6.386782331286738E-42
6.924569279197846E-42
7.48280440003317E-42
8.061487693792706E-42
-6.117359593417309E-34
-1.0331540700127057E-33
8.564303651233086E-34
7.177702035141055E-33
1.6761565534525075E-32
2.702513566504316E-32
3.796841242669538E-32
4.959139581948173E-32
6.189408584340222E-32
7.487648249845685E-32
8.853858578464562E-32
1.0288039570196863E-31
1.1790191225042566E-31
1.3360313543001686E-31
1.4998406524074214E-31
1.6704470168260157E-31
1.8478504475559513E-31
2.0320509445972276E-31
2.2230485079498455E-31
2.420843137613805E-31
2.625434833589108E-31
2.836823595875751E-31
3.055009424473735E-31
3.27999231938306E-31
3.5117722806037267E-31
3.750349308135735E-31
3.995723401979085E-31
4.247894562133777E-31
4.506862788599808E-31
4.772628081377183E-31
5.045190440465896E-31
5.324549865865953E-31
5.610706357577353E-31
5.903659915600088E-31
6.203410539934171E-31
6.50995823057959E-31
6.823302987536355E-31
7.143444810804457E-31
7.4703837003839065E-31
7.804119656274697E-31
8.144652678476824E-31
8.491982766990296E-31
8.846109921815103E-31
9.207034142951258E-31
9.57475543039875E-31
9.949273784157587E-31
1.0330589204227761E-30
1.0718701690609283E-30
1.1113611243302146E-30
1.1515317862306344E-30
1.1923821547621892E-30
1.233912229924877E-30
8.49087202720895E-26
4.2567063901721715E-25
1.1513463052557441E-24
2.3909950340957624E-24
3.9589525476624774E-24
5.5835150246756234E-24
7.264682465135165E-24
9.002454869041157E-24
1.0796832236393545E-23
1.2647814567192389E-23
1.455540186143763E-23
1.6519594119129321E-23
1.854039134026744E-23
2.0617793524851955E-23
2.275180067288293E-23
2.4942412784360285E-23
2.718962985928409E-23
2.949345189765428E-23
3.185387889947093E-23
3.4270910864734013E-23
3.674454779344348E-23
3.92747896855994E-23
4.186163654120171E-23
4.450508836025049E-23
4.720514514274567E-23
4.9961806888687315E-23
5.277507359807535E-23
5.564494527090985E-23
5.857142190719076E-23
6.155450350691807E-23
6.459419007009185E-23
6.769048159671198E-23
7.08433780867786E-23
7.405287954029157E-23
7.731898595725102E-23
8.064169733765684E-23
8.402101368150918E-23
8.745693498880794E-23
9.094946125955308E-23
9.449859249374468E-23
9.810432869138265E-23
1.0176666985246705E-22
1.0548561597699785E-22
1.0926116706497513E-22
1.1309332311639886E-22
1.1698208413126895E-22
1.2092745010958555E-22
1.2492942105134848E-22
1.2898799695655787E-22
1.3310317782521368E-22
1.3727496365731593E-22
1.4150335445286461E-22
1.4578835021185968E-22
1.5012995093430115E-22
1.545281566201892E-22
1.589829672695235E-22
1.6349438288230425E-22
1.6806240345853141E-22
1.7268702899820517E-22
1.773682595013252E-22
1.8210609496789166E-22
1.8690053539790468E-22
1.91751580791364E-22
1.966592311482697E-22
2.0162348646862184E-22
2.0664434675242055E-22
2.1172181199966555E-22
2.1685588221035695E-22
2.2204655738449497E-22
2.2729383752207923E-22
2.325977226231099E-22
2.37958212687587E-22
2.4337530771551073E-22
2.488490077068807E-22
2.5437931266169706E-22
2.599662225799601E-22
2.6560973746166935E-22
2.7130985730682495E-22
2.7706658211542707E-22
2.8287991188747576E-22
2.887498466229707E-22
2.94676386321912E-22
3.0065953098429984E-22
3.066992806101342E-22
3.1279563519941484E-22
3.1894859475214187E-22
3.251581592683156E-22
3.3142432874793545E-22
3.3774710319100176E-22
3.441264825975145E-22
3.505624669674739E-22
3.570550563008795E-22
3.636042505977316E-22
3.702100498580302E-22
3.768724540817751E-22
3.835914632689663E-22
3.903670774196041E-22
3.971992965336884E-22
4.0408812061121906E-22
4.11033549652196E-22
4.1803558365661964E-22
4.250942226244895E-22
4.322094665558057E-22
4.393813154505684E-22
-3.373007111311668E-18
-1.1927412101684932E-17
-2.3313852258088836E-17
-3.518340424880787E-17
-4.661565662648584E-17
-5.825614683157573E-17
-7.0104874864078E-17
-8.216184072399308E-17
-9.44270444113202E-17
-1.0690048592605968E-16
-1.1958216526821157E-16
-1.3247208243777619E-16
-1.4557023743475277E-16
-1.588766302591417E-16
-1.7239126091094349E-16
-1.8611412939015713E-16
-2.0004523569678307E-16
-2.1418457983082128E-16
-2.2853216179227235E-16
-2.4308798158113535E-16
-2.5785203919741086E-16
-2.728243346410992E-16
-2.880048679121995E-16
-3.0339363901071204E-16
-3.18990647936637E-16
-3.3479589468997484E-16
-3.508093792707246E-16
-3.670311016788866E-16
-3.834610619144616E-16
-4.000992599774483E-16
-4.169456958678475E-16
-4.34000369585659E-16
-4.512632811308833E-16
-4.687344305035195E-16
-4.86413817703568E-16
-5.043014427310294E-16
-5.223973055859027E-16
-5.407014062681884E-16
-5.592137447778866E-16
-5.779343211149976E-16
-5.968631352795204E-16
-6.160001872714552E-16
-6.353454770908027E-16
-6.548990047375631E-16
-6.746607702117354E-16
-6.9463077351332E-16
-7.148090146423178E-16
-7.351954935987271E-16
-7.557902103825488E-16
-7.765931649937828E-16
-7.976043574324301E-16
-8.188237876984888E-16
-8.4025145579196E-16
-8.618873617128442E-16
-8.837315054611402E-16
-9.057838870368483E-16
-9.28044506439969E-16
-9.505133636705027E-16
-9.731904587284482E-16
-9.960757916138059E-16
-1.0191693623265767E-15
-1.0424711708667587E-15
-1.0659812172343535E-15
-1.0896995014293606E-15
-1.1136260234517812E-15
-1.1377607833016129E-15
-1.1621037809788573E-15
-1.1866550164835138E-15
-1.2114144898155835E-15
-1.2363822009750646E-15
-1.2615581499619584E-15
-1.2869423367762652E-15
-1.3125347614179838E-15
-1.3383354238871147E-15
-1.3643443241836583E-15
-1.3905614623076146E-15
-1.4169868382589828E-15
-1.4436204520377623E-15
-1.470462303643956E-15
-1.4975123930775607E-15
-1.5247707203385783E-15
-1.5522372854270079E-15
-1.5799120883428512E-15
-1.6077951290861057E-15
-1.6358864076567728E-15
-1.6641859240548528E-15
-1.6926936782803444E-15
-1.7214096703332481E-15
-1.7503339002135646E-15
-1.779466367921294E-15
-1.808807073456435E-15
-1.8383560168189883E-15
-1.868113198008955E-15
-1.898078617026333E-15
-1.9282522738711236E-15
-1.9586341685433262E-15
-1.9892243010429424E-15
-2.02002267136997E-15
-2.05102927952441E-15
-2.082244125506263E-15
-2.113667209315528E-15
-2.145298530952205E-15
-2.177138090416296E-15
-2.209185887707797E-15
-2.241441922826712E-15
-2.2739061957730393E-15
-2.3065787065467767E-15
-2.3394594551479292E-15
-2.3725484415764937E-15
-2.4058456658324686E-15
-2.4393511279158586E-15
-2.473064827826658E-15
-2.5069867655648725E-15
-2.5411169411304987E-15
-2.5754553545235358E-15
-2.6100020057439868E-15
-2.64475689479185E-15
-2.6797200216671235E-15
-2.7148913863698124E-15
-2.750270988899913E-15
-2.7858588292574236E-15
-2.821654907442349E-15
-2.8576592234546847E-15
-2.893871777294435E-15
-2.9302925689615976E-15
-2.96692159845617E-15
-3.0037588657781576E-15
-3.0408043709275573E-15
-3.078058113904367E-15
-3.1155200947085914E-15
-3.1531903133402286E-15
-3.1910687697992754E-15
-3.2291554640857373E-15
-3.267450396199611E-15
-3.305953566140894E-15
-3.344664973909593E-15
-3.3835846195057013E-15
-3.4227125029292254E-15
-3.462048624180161E-15
-3.5015929832585067E-15
-3.5413455801642667E-15
-3.58130641489744E-15
-3.6214754874580226E-15
-3.6618527978460204E-15
-3.70243834606143E-15
-3.7432321321042505E-15
-3.784234155974485E-15
-3.825444417672132E-15
-3.8668629171971884E-15
-3.9084896545496604E-15
-3.950324629729542E-15
-3.992367842736839E-15
-4.034619293571548E-15
-4.0770789822336665E-15
-4.1197469087232E-15
-4.162623073040147E-15
-4.205707475184502E-15
-4.2490001151562735E-15
-4.292500992955456E-15
-4.33621010858205E-15
2.89800734337541E-14
1.133425513787978E-13
2.2524022500000423E-13
3.4116209557081136E-13
4.519208696699108E-13
5.640032530270552E-13
6.774092456422368E-13
7.921388475154478E-13
9.081920586467034E-13
1.025568879035996E-12
1.144269308683318E-12
1.264293347588685E-12
1.3856409957520902E-12
1.5083122531735238E-12
1.632307119853003E-12
1.7576255957905111E-12
1.8842676809860644E-12
2.012233375439655E-12
2.141522679151274E-12
2.272135592120939E-12
2.4040721143486415E-12
2.5373322458343723E-12
2.6719159865781503E-12
2.8078233365799647E-12
2.945054295839806E-12
3.0836088643576948E-12
3.2234870421336105E-12
3.3646888291675734E-12
3.5072142254595743E-12
3.651063231009602E-12
3.796235845817679E-12
3.942732069883791E-12
4.09055190320793E-12
4.239695345790116E-12
4.390162397630339E-12
4.541953058728589E-12
4.6950673290848874E-12
4.8495052086992235E-12
5.005266697571586E-12
5.1623517957019965E-12
5.320760503090432E-12
5.480492819736917E-12
5.64154874564144E-12
5.8039282808039876E-12
5.967631425224584E-12
6.132658178903216E-12
6.299008541839875E-12
6.466682514034583E-12
6.635680095487327E-12
6.806001286198098E-12
6.977646086166916E-12
7.150614495393761E-12
7.324906513878653E-12
7.500522141621587E-12
7.677461378622544E-12
7.855724224881549E-12
8.035310680398593E-12
8.216220745173659E-12
8.398454419206776E-12
8.582011702497931E-12
8.76689259504711E-12
8.95309709685434E-12
9.140625207919604E-12
9.329476928242896E-12
9.519652257824238E-12
9.711151196663601E-12
9.903973744761018E-12
1.009811990211647E-11
1.0293589668729946E-11
1.0490383044601472E-11
1.0688500029731035E-11
1.0887940624118623E-11
1.1088704827764262E-11
1.1290792640667937E-11
1.1494204062829635E-11
1.1698939094249386E-11
1.1904997734927175E-11
1.2112379984862985E-11
1.2321085844056847E-11
1.2531115312508734E-11
1.274246839021867E-11
1.2955145077186642E-11
1.3169145373412637E-11
1.3384469278896685E-11
1.360111679363877E-11
1.3819087917638878E-11
1.4038382650897038E-11
1.4259000993413236E-11
1.7098217708472675E-11
2.0912993245926594E-11
1.9312856135622885E-11
5.907334907409174E-12
-1.5766816148145755E-11
-3.791252842703644E-11
-6.05298019292659E-11
-8.361863665483264E-11
-1.0717903260373505E-10
-1.3121098977597635E-10
-1.5571450817155487E-10
-1.8068958779046902E-10
-2.061362286327221E-10
-2.3205443069831252E-10
-2.584441939872384E-10
-2.8530551849950333E-10
-3.126384042351036E-10
-3.4044285119404307E-10
-3.6871885937631976E-10
-3.974664287819318E-10
-4.266855594108831E-10
-4.5637625126317156E-10
-4.865385043387953E-10
-5.171723186377584E-10
-5.482776941600587E-10
-5.798546309056942E-10
-6.119031288746692E-10
-6.444231880669814E-10
-6.774148084826284E-10
-7.108779901216152E-10
-7.448127329839367E-10
-7.79219037069598E-10
-8.140969023785966E-10
-8.494463289109299E-10
-8.852673166666029E-10
-9.215598656456133E-10
-9.583239758479584E-10
-9.955596472736434E-10
-1.0332668799226653E-9
-1.0714456737950221E-9
-1.186437144055149E-9
-1.330520024618354E-9
-1.317600743610999E-9
-9.61585729159404E-10
-3.568106350504987E-10
2.78326503679798E-10
9.43825687031446E-10
1.6396869150043968E-9
2.3659101875987447E-9
3.1224955048144444E-9
3.90944286665144E-9
4.726752273109841E-9
5.574423724189592E-9
6.452457219890634E-9
7.360852760213085E-9
8.299610345156823E-9
9.268729974721974E-9
1.0268211648908479E-8
1.129805536771626E-8
1.2358261131145465E-8
1.34155262387409E-8
1.4491190823713303E-8
1.5667219136561707E-8
1.702557542778494E-8
1.5916664084144572E-8
1.024130674911171E-8
9.070935582508535E-10
-1.1178385352875457E-8
-2.4239164574612655E-8
-3.516468046755056E-8
-4.104544555149367E-8
-3.897197234624395E-8
-2.6370857932311122E-8
-4.700723359394718E-9
2.2899882898912592E-8
5.329241236901657E-8
8.072682896048975E-8
9.797657544449304E-8
9.968832163982677E-8
8.050873736529125E-8
3.62806478382702E-8
-2.717187779208052E-8
-1.0023030380928652E-7
-1.7327609449687084E-7
-2.315641211394686E-7
-2.603621529100091E-7
-2.500710009244864E-7
-1.9109147629889175E-7
-7.800305529484615E-8
7.239498535691257E-8
2.3637213383675682E-7
3.9019787832501863E-7
4.994754484242376E-7
5.360844776617964E-7
4.857090601053661E-7
3.3403328982260536E-7
7.762852060203492E-8
-2.2975784317172944E-7
-5.166776315369578E-7
-7.116826745318541E-7
-7.172762761705699E-7
-4.390031532182383E-7
1.9002274516044615E-7
1.2366874698006944E-6
2.7507350149464762E-6
4.646477069732426E-6
6.787651227330602E-6
9.03799508091268E-6
1.1199271359038358E-5
1.299949679424428E-5
1.419178998566683E-5
1.4529269532442561E-5
1.3761806194463991E-5
1.1840241269275077E-5
8.819149162489895E-6
4.7531042797218875E-6
-2.023005386392381E-7
-5.6341011157028865E-6
-1.1101666041104962E-5
-1.616436390447993E-5
-2.0317176833819535E-5
-2.317561442111818E-5
-2.4479836452016606E-5
-2.3970002712155762E-5
-2.148531214556518E-5
-1.7286404324395298E-5
-1.1745599976466919E-5
-5.235219829601663E-6
1.731313980639149E-6
8.514114630343722E-6
1.455116435916195E-5
1.9280445406745407E-5
2.2169232440405083E-5
2.3070697135425983E-5
2.200166724341932E-5
1.8978970515996033E-5
1.4185143253089079E-5
8.16416980839411E-6
1.475050014168113E-6
-5.323216297331755E-6
-1.1607064578848119E-5
-1.6901654004430188E-5
-2.0871070323783015E-5
-2.3179399286612427E-5
-2.3602434006723466E-5
-2.230908416961942E-5
-1.9553110382552332E-5
-1.5588273252774646E-5
-1.0779633248728829E-5
-5.589567814663301E-6
-4.178130215382798E-7
4.335895059687064E-6
8.299299526260333E-6
1.1328046262995686E-5
1.3364253380283226E-5
1.4350038988512388E-5
1.43149488991465E-5
1.3462744586505758E-5
1.1996867655265281E-5
1.0120759710099911E-5
8.06035514573384E-6
5.9932566437701455E-6
4.0504082392025655E-6
2.3627539670240503E-6
1.024756420118912E-6
2.5725776443474356E-8
-6.611225514003498E-7
-1.062573150810646E-6
-1.2280157492076558E-6
-1.2252091976080404E-6
-1.1084917688044063E-6
-9.322017355893961E-7
-7.436026860127653E-7
-5.607692381082507E-7
-3.9425620964448704E-7
-2.546184183900412E-7
-1.4452821397410172E-7
-5.684468184285316E-8
1.2597256509560637E-8
6.796267958898925E-8
1.1226366652352978E-7
1.449923705502803E-7
1.6503398133863287E-7
1.7127368855797952E-7
1.6210188574106924E-7
1.3840351710090245E-7
1.0280559832723536E-7
5.79351451098333E-8
8.08388531265001E-9
-4.104135590325249E-8
-8.469091690244358E-8
-1.1811513604951029E-7
-1.372077903710842E-7
-1.4211727782409635E-7
-1.344758681685611E-7
-1.1591583116449283E-7
-8.971098534758909E-8
-6.065623023779998E-8
-3.2665457071539045E-8
-9.652557085216484E-9
4.933352001316227E-9
1.0838552291150686E-8
8.94225228229311E-9
1.236604727468123E-10
-1.3510551712694255E-8
-2.8652435626040196E-8
-4.262086693449239E-8
-5.273472130525124E-8
-5.664551635308887E-8
-5.446415810523189E-8
-4.719860484757055E-8
-3.58568148659951E-8
-2.2435630159125758E-8
-9.71829094760608E-9
1.0764714964477165E-10
4.854628513702132E-9
2.7313104799481695E-9
-5.5025054983329325E-9
-1.8207658863209047E-8
-3.3744989056753625E-8
-4.940778709922252E-8
-6.21702997595153E-8
-6.991480010266521E-8
-7.052356119370546E-8
-6.259043913094389E-8
-4.8284100745324854E-8
-3.0849035200842955E-8
-1.3529731661492315E-8
-1.0139463480954525E-9
2.5334407541017704E-9
-5.347745165528872E-9
-2.7117678917618018E-8
-6.376514598287533E-8
-1.101135136199427E-7
-1.5937482930634807E-7
-2.0476114051961368E-7
-2.3712170698390735E-7
-2.489897427205496E-7
-2.361032266528267E-7
-1.942001377040248E-7
-1.2179705051886121E-7
-2.8709440164502137E-8
7.237636380203589E-8
1.687740318237443E-7
2.4340806745997156E-7
2.81914159016098E-7
2.7567275405416724E-7
2.160643001362178E-7
9.903026046837317E-8
-5.795732172104363E-8
-2.3122212883669765E-7
-3.9708784328325383E-7
-5.231959734319936E-7
-5.766325405482797E-7
-5.328879963778042E-7
-3.674527926662796E-7
-6.11249642000409E-8
3.6757618693804923E-7
8.865783080577037E-7
1.4638090464684658E-6
2.051024416133754E-6
2.5814760646481273E-6
2.9953350897678896E-6
3.2327725892493265E-6
3.2350803141331283E-6
2.99075175270799E-6
2.5107606086023997E-6
1.8060805854448436E-6
9.10898134893397E-7
-8.937506325942858E-8
-1.1069274631828068E-6
-2.053947519046021E-6
-2.832182623646341E-6
-3.3744383555825187E-6
-3.6394904477260464E-6
-3.5861146329485066E-6
-3.1951351617070418E-6
-2.5233294698155277E-6
-1.6434030681804904E-6
-6.280614677085979E-7
4.274882468089203E-7
1.420351557304412E-6
2.2662918029573386E-6
2.881072322947161E-6
3.191604382978417E-6
3.194912821941058E-6
2.911931338792638E-6
2.363593632490691E-6
1.5972203595210381E-6
7.019755713940592E-7
-2.38441940395725E-7
-1.1403333843541863E-6
-1.917438045869206E-6
-2.521504353920057E-6
-2.9258472323992446E-6
-3.103781605199273E-6
-3.048275421626668E-6
-2.8006456230426485E-6
-2.406730621421812E-6
-1.912368828738764E-6
-1.3729371795253414E-6
-8.373320840146883E-7
-3.416711677334364E-7
7.79279437919861E-8
3.9489266586972056E-7
6.141954905522829E-7
7.470364074295621E-7
8.046154060914431E-7
8.062105060540492E-7
7.752799252023644E-7
7.292939506796099E-7
6.857228696290071E-7
6.580969566428248E-7
6.449925739693617E-7
6.4144914023588E-7
6.425060740696469E-7
6.389668723259238E-7
6.215326198877516E-7
5.850891174240693E-7
5.245221656038007E-7
4.3810636454491015E-7
3.3471849543037783E-7
2.251476305266652E-7
1.2018284210023382E-7
3.3605507437253464E-8
-2.4061963800444562E-8
-4.691895078284177E-8
-2.906483267993302E-8
3.156255903900271E-8
1.2433573614544636E-7
2.361208343305908E-7
3.537839892855915E-7
4.6046998949829207E-7
5.409172193782949E-7
5.843822084994048E-7
5.801214864354305E-7
5.208003313109669E-7
4.139535602711044E-7
2.711420114203962E-7
1.03926522863395E-7
-7.101954352315582E-8
-2.337645767044326E-7
-3.6786036483883913E-7
-4.568586960847098E-7
-4.861637105250661E-7
-4.5608540365408356E-7
-3.7253434674686686E-7
-2.4142111107848206E-7
-7.480117139443394E-8
1.056987744650525E-7
2.7981132058279576E-7
4.272690610416146E-7
5.27200427680356E-7
5.705153800782838E-7
5.546188039287686E-7
4.76915584925198E-7
3.4106972328123736E-7
1.662556878833118E-7
-2.6855932566137943E-8
-2.1759454936460045E-7
-3.816178915727055E-7
-5.001770685922948E-7
-5.609915622326955E-7
-5.517808543032414E-7
-4.652456683182041E-7
-3.145546727992526E-7
-1.1812926706681373E-7
1.0560914955868549E-7
3.313623994453234E-7
5.287543276288444E-7
6.717465687901501E-7
7.343007576101727E-7
6.919770738768738E-7
5.419807848564657E-7
2.9074115644729764E-7
-5.531254545239075E-8
-4.803711810432865E-7
-9.471119565965537E-7
-1.4168351253195592E-6
-1.8508409404196146E-6
-2.2055429371145376E-6
-2.4477520602549644E-6
-2.5543646774977637E-6
-2.502277156499806E-6
-2.275992788222408E-6
-1.8941168501859095E-6
-1.3846986898855199E-6
-7.757876548165955E-7
-1.0688783414959043E-7
5.678793504379984E-7
1.1985385526902926E-6
1.7351144263513498E-6
2.1275638541924024E-6
2.352609796203014E-6
2.400426021955149E-6
2.2611863010207716E-6
1.9375890897377915E-6
1.4679899691990592E-6
8.960483961092067E-7
2.654238271728319E-7
-3.7109547378893313E-7
-9.614008621127267E-7
-1.4628523098305464E-6
-1.8328097889745895E-6
-2.034473108171823E-6
-2.0650109298472687E-6
-1.932736506729954E-6
-1.645963091548955E-6
-1.2251106270716336E-6
-7.133203004673162E-7
-1.529872310678156E-7
4.1349346179505555E-7
9.408694055873615E-7
1.3963628075650525E-6
1.7562904180813541E-6
1.9969689874892987E-6
2.1021827325712153E-6
2.0808752529358713E-6
1.9471023731760503E-6
1.7149199178844708E-6
1.4050381110731436E-6
1.0459359540815403E-6
6.633224374936246E-7
2.829065518933618E-7
-7.026431094248289E-8
-3.81683553903712E-7
-6.414533784059497E-7
-8.396759858648702E-7
-9.70659935607718E-7
-1.04019348169702E-6
-1.0555983676513745E-6
-1.0241963369893816E-6
-9.558063396723E-7
-8.627727345493385E-7
-7.562053784710105E-7
-6.472141282878441E-7
-5.466276255640924E-7
-4.6071750241157813E-7
-3.937581015021008E-7
-3.5002376550745967E-7
-3.31965470301508E-7
-3.362187813657168E-7
-3.583349257833166E-7
-3.938651306375371E-7
-4.367355219014883E-7
-4.79482154518558E-7
-5.15571149027388E-7
-5.384686259666341E-7
-5.419734218123162E-7
-5.241911447520931E-7
-4.850480728920607E-7
-4.244704843383145E-7
-3.44239202169111E-7
-2.503361552498922E-7
-1.48989280367594E-7
-4.642651430914247E-8
5.0320577348597566E-8
1.3552614700332476E-7
2.0492083482999776E-7
2.542352810035393E-7
2.803064858455131E-7
2.8404754336059097E-7
2.6730323424837044E-7
2.3191833920845458E-7
1.8083657933704677E-7
1.1858621548589689E-7
4.938883798790173E-8
-2.2533962824041895E-8
-9.295436706205811E-8
-1.5853587957998857E-7
-2.1639389715754368E-7
-2.6364381657440626E-7
-2.9767052028908385E-7
-3.1735538698956013E-7
-3.220585577997415E-7
-3.1114017384353567E-7
-2.843940963816115E-7
-2.4389518349892157E-7
-1.9242507155579504E-7
-1.327653969125611E-7
-6.860647206338026E-8
-4.969270840592353E-9
5.336857838815591E-8
1.0162944725522632E-7
1.34910004877497E-7
1.508059645661192E-7
1.4828826424487033E-7
1.2632784183752002E-7
8.520748378690195E-8
2.8673197390725004E-8
-3.9109248144925E-8
-1.1397408361395182E-7
-1.9099605074885203E-7
-2.658397468577037E-7
-3.352241860978393E-7
-3.9586838262659084E-7
-4.4534340672897827E-7
-4.836593017013848E-7
-5.111935412181517E-7
-5.283235989536274E-7
-5.359003337350686E-7
-5.345259108512316E-7
-5.242047636687168E-7
-5.049413255541194E-7
-4.760928229654892E-7
-4.367657499565221E-7
-3.86588441287287E-7
-3.2518923171785304E-7
-2.524964423180168E-7
-1.7158708691664673E-7
-8.68125394124751E-8
-2.5241737042249316E-9
7.54854032366936E-8
1.3955129570470197E-7
1.8251369669985414E-7
1.9721279922217605E-7
1.763689959809085E-7
1.1724299870609607E-7
1.948547892898004E-8
-1.1725289181917717E-7
-2.912844135932874E-7
-4.929402545467551E-7
-7.105980452961569E-7
-9.326354164580701E-7
-1.1447268121677825E-6
-1.329437552984412E-6
-1.4704815841601202E-6
-1.5515728509470988E-6
-1.5558208797229524E-6
-1.4771040249463565E-6
-1.3152894739911352E-6
-1.070244414231042E-6
-7.471783401740257E-7
-3.726619433972818E-7
2.1395793121498908E-8
4.0308588640457724E-7
7.321288962180978E-7
9.671317291584219E-7
1.0745149224934244E-6
1.0206990134909805E-6
7.756808213384736E-7
3.518856816361612E-7
-2.206230937289903E-7
-9.11782192869851E-7
-1.6717696433123554E-6
-2.4150305660751444E-6
-3.0579022895101173E-6
-3.516722141969434E-6
-3.7006581542356886E-6
-3.569775366153524E-6
-3.116756619667848E-6
-2.334284756723567E-6
-1.2446042657002409E-6
3.548648547285967E-8
1.3714738355254215E-6
2.628844123187261E-6
3.6433304961827495E-6
4.272154789113726E-6
4.413036371026231E-6
3.963694610966331E-6
2.8506121467728194E-6
1.1602056393283501E-6
-9.699045077553437E-7
-3.4020978908661862E-6
-5.93603770373866E-6
-8.297440435823922E-6
-1.0237765627086739E-5
-1.1508472817491869E-5
-1.1862366306848789E-5
-1.1224577699932425E-5
-9.605057494155328E-6
-7.013756186930226E-6
-3.5434452669897685E-6
5.001830336779047E-7
4.7877971027762515E-6
8.990065328010517E-6
1.2725307466356413E-5
1.5677122451001232E-5
1.761409743396554E-5
1.8304819567269888E-5
1.7580667496725706E-5
1.555958311349338E-5
1.2439998437617557E-5
8.42034548914286E-6
3.7961022074310098E-6
-1.0134851241098214E-6
-5.624331969367645E-6
-9.65235379222848E-6
-1.2717041699260473E-5
-1.464120198584884E-5
-1.534572289910583E-5
-1.4751492686143861E-5
-1.2874089552713265E-5
-9.977519234943801E-6
-6.355311275516665E-6
-2.300995217113052E-6
1.8351977707736003E-6
5.7202254113391374E-6
9.086341500938124E-6
1.1665799835923487E-5
1.3234345970828974E-5
1.378048461949244E-5
1.3355608317223646E-5
1.2011109599332108E-5
9.868877298071653E-6
7.171444988750918E-6
4.151172321261721E-6
1.040418945495892E-6
-1.917419768074708E-6
-4.553132462729776E-6
-6.745635509202617E-6
-8.373845278226951E-6
-9.35674553807797E-6
-9.736482969397646E-6
-9.576718311469978E-6
-8.941112303578778E-6
-7.923327525468173E-6
-6.648728867515571E-6
-5.228530534954797E-6
-3.773946733019862E-6
-2.3915375888951777E-6
-1.1423920072952572E-6
-6.951735974817109E-8
7.840789822180095E-7
1.3921123727096452E-6
1.7713675859423734E-6
1.9434413805515977E-6
1.9299305151728186E-6
1.7605401915038564E-6
1.4747607921494862E-6
1.108866847105696E-6
6.991328863683157E-7
2.8140257356946717E-7
-1.1781534695988927E-7
-4.7624872417549445E-7
-7.716254070330538E-7
-9.850126483776556E-7
-1.1123956265895978E-6
-1.1538790789276254E-6
-1.109567742650485E-6
-9.841735697120328E-7
-7.947666520250049E-7
-5.599889367863696E-7
-2.984823711931699E-7
-3.19390205352307E-8
2.1847435277556826E-7
4.3490375585912394E-7
5.994951958353156E-7
6.964430482952052E-7
7.23415243854463E-7
6.827681221700081E-7
5.768580228987596E-7
4.130793350253617E-7
2.0928103080186778E-7
-1.6498675213563287E-8
-2.462215684627916E-7
-4.601501391780185E-7
-6.431896534480207E-7
-7.842660604995063E-7
-8.723053095592378E-7
-8.994824788845953E-7
-8.698614992221655E-7
-7.902015985324499E-7
-6.672620047759685E-7
-5.111925510456999E-7
-3.360416989553506E-7
-1.5441661924644103E-7
2.1075517339508025E-8
1.782428289798949E-7
3.109488206971565E-7
4.1566940201739103E-7
4.888804824666401E-7
5.295363195496997E-7
5.422759474488687E-7
5.321024407064654E-7
5.040188738648028E-7
4.6395444652237835E-7
4.17142096116689E-7
3.6754050394854894E-7
3.191083513187724E-7
2.748390338551645E-7
2.3494614335410663E-7
1.9921865536930978E-7
1.6744554545447867E-7
1.3883808410850447E-7
1.1259468123292859E-7
8.848502148543429E-8
6.627878952369511E-8
4.624142523536971E-8
2.9596296972852072E-8
1.7549982090930432E-8
1.1309057944393366E-8
1.220876427340879E-8
2.0334355186599577E-8
3.501742959143176E-8
5.5589586395371346E-8
8.062190882798047E-8
1.0714427249844982E-7
1.3217646488370124E-7
1.5273827346064543E-7
1.655692503411426E-7
1.6893526940746456E-7
1.6214560079214464E-7
1.4450951462771272E-7
1.1628105998359354E-7
8.051308444996549E-8
4.071305594049089E-8
3.8844236883213576E-10
-3.621753616723831E-8
-6.535473481970641E-8
-8.425529854952008E-8
-9.015137231763252E-8
-8.102062785732484E-8
-5.829208726741495E-8
-2.4374921057148932E-8
1.8321700264218472E-8
6.620483623828956E-8
1.1442816548812214E-7
1.5870244612664703E-7
1.9473843626679081E-7
2.18429240356237E-7
2.2851580680451972E-7
2.2498065966736956E-7
2.0780632300051704E-7
1.782119122459587E-7
1.400722316604275E-7
9.735333852173944E-8
5.402129010772605E-8
1.4461833448843163E-8
-1.8181749100099203E-8
-4.1807097274740496E-8
-5.431185081072933E-8
-5.4478721258175445E-8
-4.39211687638616E-8
-2.4782955958433476E-8
7.921545274632656E-10
2.991546632331671E-8
5.93974996956879E-8
8.664331696951854E-8
1.090579804697541E-7
1.2440936214475844E-7
1.3240675497048245E-7
1.3336735281325535E-7
1.2760834953940255E-7
1.1608818855275787E-7
1.0069379497781933E-7
8.313508526191028E-8
6.512197585235644E-8
4.8324315192520915E-8
3.355225591988976E-8
2.122617077295949E-8
1.1766432490226613E-8
5.206820816383208E-9
9.56774682537977E-10
-1.499844393182917E-9
-2.6791748926543755E-9
-3.1002043441745353E-9
-2.887254699539054E-9
-1.9644660758692956E-9
-2.5597859028620413E-10
2.5296759217424708E-9
6.776240855351021E-9
1.2697988939321212E-8
2.0509192902434805E-8
3.031464428833843E-8
4.157169180143583E-8
5.352344391163693E-8
6.541300908885287E-8
7.621949069056334E-8
8.487732148853295E-8
9.056260407409204E-8
9.245144103857253E-8
8.986075948109601E-8
8.315362681479069E-8
7.307535610199824E-8
6.03712604050604E-8
4.6212874591393525E-8
3.2346700402483774E-8
2.0380501211764433E-8
1.1922040392680468E-8
8.598259750127384E-9
1.0985020187452405E-8
1.9113463725774254E-8
3.301473238621166E-8
5.220694921961461E-8
7.484640621908776E-8
9.892149881913178E-8
1.2242062245424745E-7
1.4299467361489017E-7
1.5865316786324943E-7
1.6792242924144095E-7
1.6932878179156663E-7
1.617705191081406E-7
1.4597178911269864E-7
1.2319769733788017E-7
9.471334931632459E-8
6.242354119687336E-8
2.916650093136681E-8
-2.3925182430573856E-9
-2.9588263089261518E-8
-4.970153586304119E-8
-6.131215392776264E-8
-6.370338670761443E-8
-5.615850362679166E-8
-3.8604241467482096E-8
-1.2959883081289867E-8
1.8502483003465415E-8
5.351076825846411E-8
8.923657659364527E-8
1.2268203125740147E-7
1.513208227290936E-7
1.7262664148807774E-7
1.8431459958642886E-7
1.860242823414016E-7
1.7811609013015483E-7
1.609504233298475E-7
1.356275589127605E-7
1.048749464068729E-7
7.149374502289086E-8
3.8285113971520514E-8
8.340982362515642E-9
-1.5964378977675896E-8
-3.2906298263303414E-8
-4.076010370862925E-8
-3.832593767458342E-8
-2.6491286157514026E-8
-6.662492824792484E-9
1.9754098656209806E-8
5.069749778826848E-8
8.334562957362378E-8
1.1515052359410119E-7
1.4356420943152622E-7
1.6609276484901106E-7
1.8159622609803147E-7
1.8955756049297185E-7
1.8945973534820275E-7
1.8138179663128095E-7
1.668482780348449E-7
1.4751037846089296E-7
1.2501929681142345E-7
1.0130456156151925E-7
7.80643327375049E-8
5.660275656824113E-8
3.822397928258865E-8
2.3930834176292184E-8
1.368860767836739E-8
7.245125717602367E-9
4.348214222780736E-9
4.468832956992437E-9
6.897743667226465E-9
1.1112475258115058E-8
1.659055663429046E-8
2.293960125750313E-8
3.0182565590969305E-8
3.841999304151995E-8
4.7752427015983284E-8
5.839865141298913E-8
7.034564989272481E-8
8.33462655043686E-8
9.715334129709877E-8
1.113023344963352E-7
1.2480540194751327E-7
1.366304361298344E-7
1.4574532952250012E-7
1.5099338116483016E-7
1.517244818399973E-7
1.4766641164298404E-7
1.3854695066876907E-7
1.2443705331712845E-7
1.0652493957800256E-7
8.62142879316195E-8
6.490877685820732E-8
4.434975186001761E-8
2.6208907563190523E-8
1.1785446133786984E-8
2.3785697378679255E-9
-9.657745180020579E-10
1.4556242407129115E-9
8.927863832028051E-9
2.0736042073965423E-8
3.568262242511443E-8
5.1970314260047085E-8
6.798458427075314E-8
8.211089914922229E-8
9.278201156601067E-8
9.946191870884348E-8
1.0208295404546397E-7
1.005774510436155E-7
9.536392399259865E-8
8.780982259150911E-8
7.927088342277518E-8
7.110284306883125E-8
6.47985666643235E-8
6.120969915459584E-8
6.073014683812747E-8
6.375381601339761E-8
7.026145597825592E-8
7.913497411203008E-8
8.912001383541631E-8
9.896221856911082E-8
1.071459771946257E-7
1.1247425856947194E-7
1.1417057607833191E-7
1.1145844310589042E-7
1.0389619347792835E-7
9.232214295456006E-8
7.787977782197074E-8
6.171258436634565E-8
4.536997770297772E-8
3.060145839816807E-8
1.8850640914614062E-8
1.1561139715014284E-8
1.0002745402593418E-8
1.422210159411316E-8
2.3828102272566007E-8
3.842964142094446E-8
5.7160722755241094E-8
7.833946451454665E-8
1.0035093246650087E-7
1.215801923787435E-7
1.403499572078218E-7
1.5560695531545574E-7
1.6667227557704193E-7
1.728670068679853E-7
1.7385069477399408E-7
1.7016275604386527E-7
1.6244408629762574E-7
1.5133558115530234E-7
1.376382826837759E-7
1.2220245672916861E-7
1.0574283458036916E-7
8.897414752626636E-8
7.250744859449825E-8
5.681340060848886E-8
4.2396149550791256E-8
2.9759841403971432E-8
1.945505936838299E-8
1.2165036654852957E-8
8.592894261653203E-9
9.441753187055596E-9
1.5511082913402428E-8
2.7009273890586913E-8
4.375282856820729E-8
6.555824939586183E-8
9.188218640030295E-8
1.2082082288612138E-7
1.5014996121963275E-7
1.7764540376715915E-7
2.0059297627873318E-7
2.1639913277272707E-7
2.2302061801797254E-7
2.1841417678330136E-7
2.0087746177165491E-7
1.7122262821583326E-7
1.3117817467945596E-7
8.247259972614265E-8
2.7857798930128804E-8
-2.8151507201751206E-8
-8.11825827068965E-8
-1.2686269162272047E-7
-1.6057885316844687E-7
-1.797130950742234E-7
-1.828851941438491E-7
-1.687149271811232E-7
-1.369129219439745E-7
-9.069924804463556E-8
-3.395784506836155E-8
2.9427347399574757E-8
9.458669766862901E-8
1.5631461624251368E-7
2.102232268274366E-7
2.5192465312960556E-7
2.774722331471365E-7
2.8609423469469576E-7
2.7816517620331637E-7
2.5405957610403167E-7
2.1532724524841652E-7
1.6601311848108094E-7
1.1023440022262672E-7
5.210829489360866E-8
-3.841310464104805E-9
-5.389629156577377E-8
-9.514808812648313E-8
-1.2468813986131783E-7
-1.4020225948565054E-7
-1.418133233627943E-7
-1.3026836667974446E-7
-1.0631442462349636E-7
-7.140503624139982E-8
-2.8394802209674228E-8
1.986764984142336E-8
7.053369228160127E-8
1.2054455253542595E-7
1.67207704336747E-7
2.082238895192082E-7
2.4129384991645317E-7
2.643674241792664E-7
2.768196166981059E-7
2.7848891791612605E-7
2.69213818276481E-7
2.493089017997769E-7
2.2044961167549658E-7
1.845157271001409E-7
1.4338702727020621E-7
9.928670730600785E-8
5.463971793308106E-8
1.1628471755752673E-8
-2.7564618621650533E-8
-6.087371787410237E-8
-8.720483922132928E-8
-1.0583334287613343E-7
-1.160345890513154E-7
-1.1744650085337325E-7
-1.1060161918576566E-7
-9.611723095675006E-8
-7.461062307458402E-8
-4.6825956368724736E-8
-1.3783050657867277E-8
2.3487318665874152E-8
6.395437621038536E-8
1.0657486309420945E-7
1.4979129538228474E-7
1.9180156010207904E-7
2.3080354428109404E-7
2.646832100982666E-7
2.908581550026092E-7
3.0682371892669717E-7
3.1007524180310595E-7
2.97953327224289E-7
2.69434957086514E-7
2.2447003877807716E-7
1.6300847968727474E-7
8.584992639371988E-8
-2.814912967086612E-9
-9.794953867310376E-8
-1.945174510022188E-7
-2.863019363473224E-7
-3.6647166430001624E-7
-4.2906820993627706E-7
-4.6813314833208115E-7
-4.78051900398456E-7
-4.5787857877986434E-7
-4.086577961524357E-7
-3.3143416519229984E-7
-2.292234972565612E-7
-1.0999121753343312E-7
1.779364055440851E-8
1.4566204358419123E-7
2.639913816972895E-7
3.646444311361688E-7
4.41380237629723E-7
4.879578469068462E-7
4.995071834736414E-7
4.77639756086939E-7
4.2583698685172305E-7
3.475802978729779E-7
2.4850105183839716E-7
1.3756761361083964E-7
2.32669085581888E-8
-8.591413795169679E-8
-1.812919020427364E-7
-2.5757158737074424E-7
-3.113495098657034E-7
-3.3922198545759747E-7
-3.3942582072708625E-7
-3.1507665186676883E-7
-2.7008903922453754E-7
-2.083775431483031E-7
-1.3498248746407133E-7
-5.560684312000444E-8
2.4840858852844462E-8
1.0145208742342221E-7
1.6976444604973975E-7
2.2783411306614934E-7
2.745304197561098E-7
3.0872269740308E-7
3.301091998819356E-7
3.3998135835238594E-7
3.395982700251421E-7
3.3021903211091275E-7
3.132345128132303E-7
2.8990174173775853E-7
2.61279058198403E-7
2.2842480150906937E-7
1.9224193216096114E-7
1.535692174791155E-7
1.1336870702818796E-7
7.260245037283411E-8
3.235288243800847E-8
-6.027939936290448E-9
-4.11735343128771E-8
-7.171741825453413E-8
-9.621848310133661E-8
-1.1379164752483382E-7
-1.239044700850304E-7
-1.2602450934193107E-7
-1.199352005051525E-7
-1.0658428713584168E-7
-8.718579032129863E-8
-6.295373114882332E-8
-3.545933543017747E-8
-6.634124583328348E-9
2.1767436895074058E-8
4.7990884508386884E-8
7.03287753373827E-8
8.784515155970491E-8
9.994277632401693E-8
1.060244127789821E-7
1.0579676723522057E-7
9.988355264970046E-8
8.906304214060713E-8
7.411350882613042E-8
5.6029261871386136E-8
3.610085685182206E-8
1.5550936501103872E-8
-4.397856447102759E-9
-2.25017157061987E-8
-3.7861450847977067E-8
-4.9771342926360606E-8
-5.752567299527203E-8
-6.05633849889515E-8
-5.904842743517211E-8
-5.3362588278158004E-8
-4.3887655462128035E-8
-3.1253932279700657E-8
-1.6653774735311755E-8
-1.3120498409110995E-9
1.3546375391551534E-8
2.656680217610983E-8
3.6684502743014364E-8
4.310956660464065E-8
4.5052083273364235E-8
4.192896771754736E-8
3.4174200965190447E-8
2.2523471618129934E-8
7.712468278192151E-9
-9.1661873021353E-9
-2.649201226401968E-8
-4.273752634610646E-8
-5.637524928704112E-8
-6.58390329352033E-8
-7.033404380197022E-8
-6.94897736204837E-8
-6.293571412388553E-8
-5.019012798763398E-8
-3.259629582476994E-8
-1.2521236274791313E-8
7.668032022789752E-9
